topographies/flat_[30,30,20][70.0,0.0].asc
ncols 30
nrows 30
xllcorner 0.0
yllcorner 0.0
cellsize 20
nodata_value 0
1.000000e+03 9.431556e+02 8.863113e+02 8.294669e+02 7.726226e+02 7.157782e+02 6.589338e+02 6.020895e+02 5.452451e+02 4.884008e+02 4.315564e+02 3.747120e+02 3.178677e+02 2.610233e+02 2.041790e+02 1.473346e+02 9.049023e+01 3.364587e+01 -2.319849e+01 -8.004285e+01 -1.368872e+02 -1.937316e+02 -2.505759e+02 -3.074203e+02 -3.642646e+02 -4.211090e+02 -4.779534e+02 -5.347977e+02 -5.916421e+02 -6.484865e+02
1.000000e+03 9.431556e+02 8.863113e+02 8.294669e+02 7.726226e+02 7.157782e+02 6.589338e+02 6.020895e+02 5.452451e+02 4.884008e+02 4.315564e+02 3.747120e+02 3.178677e+02 2.610233e+02 2.041790e+02 1.473346e+02 9.049023e+01 3.364587e+01 -2.319849e+01 -8.004285e+01 -1.368872e+02 -1.937316e+02 -2.505759e+02 -3.074203e+02 -3.642646e+02 -4.211090e+02 -4.779534e+02 -5.347977e+02 -5.916421e+02 -6.484865e+02
1.000000e+03 9.431556e+02 8.863113e+02 8.294669e+02 7.726226e+02 7.157782e+02 6.589338e+02 6.020895e+02 5.452451e+02 4.884008e+02 4.315564e+02 3.747120e+02 3.178677e+02 2.610233e+02 2.041790e+02 1.473346e+02 9.049023e+01 3.364587e+01 -2.319849e+01 -8.004285e+01 -1.368872e+02 -1.937316e+02 -2.505759e+02 -3.074203e+02 -3.642646e+02 -4.211090e+02 -4.779534e+02 -5.347977e+02 -5.916421e+02 -6.484865e+02
1.000000e+03 9.431556e+02 8.863113e+02 8.294669e+02 7.726226e+02 7.157782e+02 6.589338e+02 6.020895e+02 5.452451e+02 4.884008e+02 4.315564e+02 3.747120e+02 3.178677e+02 2.610233e+02 2.041790e+02 1.473346e+02 9.049023e+01 3.364587e+01 -2.319849e+01 -8.004285e+01 -1.368872e+02 -1.937316e+02 -2.505759e+02 -3.074203e+02 -3.642646e+02 -4.211090e+02 -4.779534e+02 -5.347977e+02 -5.916421e+02 -6.484865e+02
1.000000e+03 9.431556e+02 8.863113e+02 8.294669e+02 7.726226e+02 7.157782e+02 6.589338e+02 6.020895e+02 5.452451e+02 4.884008e+02 4.315564e+02 3.747120e+02 3.178677e+02 2.610233e+02 2.041790e+02 1.473346e+02 9.049023e+01 3.364587e+01 -2.319849e+01 -8.004285e+01 -1.368872e+02 -1.937316e+02 -2.505759e+02 -3.074203e+02 -3.642646e+02 -4.211090e+02 -4.779534e+02 -5.347977e+02 -5.916421e+02 -6.484865e+02
1.000000e+03 9.431556e+02 8.863113e+02 8.294669e+02 7.726226e+02 7.157782e+02 6.589338e+02 6.020895e+02 5.452451e+02 4.884008e+02 4.315564e+02 3.747120e+02 3.178677e+02 2.610233e+02 2.041790e+02 1.473346e+02 9.049023e+01 3.364587e+01 -2.319849e+01 -8.004285e+01 -1.368872e+02 -1.937316e+02 -2.505759e+02 -3.074203e+02 -3.642646e+02 -4.211090e+02 -4.779534e+02 -5.347977e+02 -5.916421e+02 -6.484865e+02
1.000000e+03 9.431556e+02 8.863113e+02 8.294669e+02 7.726226e+02 7.157782e+02 6.589338e+02 6.020895e+02 5.452451e+02 4.884008e+02 4.315564e+02 3.747120e+02 3.178677e+02 2.610233e+02 2.041790e+02 1.473346e+02 9.049023e+01 3.364587e+01 -2.319849e+01 -8.004285e+01 -1.368872e+02 -1.937316e+02 -2.505759e+02 -3.074203e+02 -3.642646e+02 -4.211090e+02 -4.779534e+02 -5.347977e+02 -5.916421e+02 -6.484865e+02
1.000000e+03 9.431556e+02 8.863113e+02 8.294669e+02 7.726226e+02 7.157782e+02 6.589338e+02 6.020895e+02 5.452451e+02 4.884008e+02 4.315564e+02 3.747120e+02 3.178677e+02 2.610233e+02 2.041790e+02 1.473346e+02 9.049023e+01 3.364587e+01 -2.319849e+01 -8.004285e+01 -1.368872e+02 -1.937316e+02 -2.505759e+02 -3.074203e+02 -3.642646e+02 -4.211090e+02 -4.779534e+02 -5.347977e+02 -5.916421e+02 -6.484865e+02
1.000000e+03 9.431556e+02 8.863113e+02 8.294669e+02 7.726226e+02 7.157782e+02 6.589338e+02 6.020895e+02 5.452451e+02 4.884008e+02 4.315564e+02 3.747120e+02 3.178677e+02 2.610233e+02 2.041790e+02 1.473346e+02 9.049023e+01 3.364587e+01 -2.319849e+01 -8.004285e+01 -1.368872e+02 -1.937316e+02 -2.505759e+02 -3.074203e+02 -3.642646e+02 -4.211090e+02 -4.779534e+02 -5.347977e+02 -5.916421e+02 -6.484865e+02
1.000000e+03 9.431556e+02 8.863113e+02 8.294669e+02 7.726226e+02 7.157782e+02 6.589338e+02 6.020895e+02 5.452451e+02 4.884008e+02 4.315564e+02 3.747120e+02 3.178677e+02 2.610233e+02 2.041790e+02 1.473346e+02 9.049023e+01 3.364587e+01 -2.319849e+01 -8.004285e+01 -1.368872e+02 -1.937316e+02 -2.505759e+02 -3.074203e+02 -3.642646e+02 -4.211090e+02 -4.779534e+02 -5.347977e+02 -5.916421e+02 -6.484865e+02
1.000000e+03 9.431556e+02 8.863113e+02 8.294669e+02 7.726226e+02 7.157782e+02 6.589338e+02 6.020895e+02 5.452451e+02 4.884008e+02 4.315564e+02 3.747120e+02 3.178677e+02 2.610233e+02 2.041790e+02 1.473346e+02 9.049023e+01 3.364587e+01 -2.319849e+01 -8.004285e+01 -1.368872e+02 -1.937316e+02 -2.505759e+02 -3.074203e+02 -3.642646e+02 -4.211090e+02 -4.779534e+02 -5.347977e+02 -5.916421e+02 -6.484865e+02
1.000000e+03 9.431556e+02 8.863113e+02 8.294669e+02 7.726226e+02 7.157782e+02 6.589338e+02 6.020895e+02 5.452451e+02 4.884008e+02 4.315564e+02 3.747120e+02 3.178677e+02 2.610233e+02 2.041790e+02 1.473346e+02 9.049023e+01 3.364587e+01 -2.319849e+01 -8.004285e+01 -1.368872e+02 -1.937316e+02 -2.505759e+02 -3.074203e+02 -3.642646e+02 -4.211090e+02 -4.779534e+02 -5.347977e+02 -5.916421e+02 -6.484865e+02
1.000000e+03 9.431556e+02 8.863113e+02 8.294669e+02 7.726226e+02 7.157782e+02 6.589338e+02 6.020895e+02 5.452451e+02 4.884008e+02 4.315564e+02 3.747120e+02 3.178677e+02 2.610233e+02 2.041790e+02 1.473346e+02 9.049023e+01 3.364587e+01 -2.319849e+01 -8.004285e+01 -1.368872e+02 -1.937316e+02 -2.505759e+02 -3.074203e+02 -3.642646e+02 -4.211090e+02 -4.779534e+02 -5.347977e+02 -5.916421e+02 -6.484865e+02
1.000000e+03 9.431556e+02 8.863113e+02 8.294669e+02 7.726226e+02 7.157782e+02 6.589338e+02 6.020895e+02 5.452451e+02 4.884008e+02 4.315564e+02 3.747120e+02 3.178677e+02 2.610233e+02 2.041790e+02 1.473346e+02 9.049023e+01 3.364587e+01 -2.319849e+01 -8.004285e+01 -1.368872e+02 -1.937316e+02 -2.505759e+02 -3.074203e+02 -3.642646e+02 -4.211090e+02 -4.779534e+02 -5.347977e+02 -5.916421e+02 -6.484865e+02
1.000000e+03 9.431556e+02 8.863113e+02 8.294669e+02 7.726226e+02 7.157782e+02 6.589338e+02 6.020895e+02 5.452451e+02 4.884008e+02 4.315564e+02 3.747120e+02 3.178677e+02 2.610233e+02 2.041790e+02 1.473346e+02 9.049023e+01 3.364587e+01 -2.319849e+01 -8.004285e+01 -1.368872e+02 -1.937316e+02 -2.505759e+02 -3.074203e+02 -3.642646e+02 -4.211090e+02 -4.779534e+02 -5.347977e+02 -5.916421e+02 -6.484865e+02
1.000000e+03 9.431556e+02 8.863113e+02 8.294669e+02 7.726226e+02 7.157782e+02 6.589338e+02 6.020895e+02 5.452451e+02 4.884008e+02 4.315564e+02 3.747120e+02 3.178677e+02 2.610233e+02 2.041790e+02 1.473346e+02 9.049023e+01 3.364587e+01 -2.319849e+01 -8.004285e+01 -1.368872e+02 -1.937316e+02 -2.505759e+02 -3.074203e+02 -3.642646e+02 -4.211090e+02 -4.779534e+02 -5.347977e+02 -5.916421e+02 -6.484865e+02
1.000000e+03 9.431556e+02 8.863113e+02 8.294669e+02 7.726226e+02 7.157782e+02 6.589338e+02 6.020895e+02 5.452451e+02 4.884008e+02 4.315564e+02 3.747120e+02 3.178677e+02 2.610233e+02 2.041790e+02 1.473346e+02 9.049023e+01 3.364587e+01 -2.319849e+01 -8.004285e+01 -1.368872e+02 -1.937316e+02 -2.505759e+02 -3.074203e+02 -3.642646e+02 -4.211090e+02 -4.779534e+02 -5.347977e+02 -5.916421e+02 -6.484865e+02
1.000000e+03 9.431556e+02 8.863113e+02 8.294669e+02 7.726226e+02 7.157782e+02 6.589338e+02 6.020895e+02 5.452451e+02 4.884008e+02 4.315564e+02 3.747120e+02 3.178677e+02 2.610233e+02 2.041790e+02 1.473346e+02 9.049023e+01 3.364587e+01 -2.319849e+01 -8.004285e+01 -1.368872e+02 -1.937316e+02 -2.505759e+02 -3.074203e+02 -3.642646e+02 -4.211090e+02 -4.779534e+02 -5.347977e+02 -5.916421e+02 -6.484865e+02
1.000000e+03 9.431556e+02 8.863113e+02 8.294669e+02 7.726226e+02 7.157782e+02 6.589338e+02 6.020895e+02 5.452451e+02 4.884008e+02 4.315564e+02 3.747120e+02 3.178677e+02 2.610233e+02 2.041790e+02 1.473346e+02 9.049023e+01 3.364587e+01 -2.319849e+01 -8.004285e+01 -1.368872e+02 -1.937316e+02 -2.505759e+02 -3.074203e+02 -3.642646e+02 -4.211090e+02 -4.779534e+02 -5.347977e+02 -5.916421e+02 -6.484865e+02
1.000000e+03 9.431556e+02 8.863113e+02 8.294669e+02 7.726226e+02 7.157782e+02 6.589338e+02 6.020895e+02 5.452451e+02 4.884008e+02 4.315564e+02 3.747120e+02 3.178677e+02 2.610233e+02 2.041790e+02 1.473346e+02 9.049023e+01 3.364587e+01 -2.319849e+01 -8.004285e+01 -1.368872e+02 -1.937316e+02 -2.505759e+02 -3.074203e+02 -3.642646e+02 -4.211090e+02 -4.779534e+02 -5.347977e+02 -5.916421e+02 -6.484865e+02
1.000000e+03 9.431556e+02 8.863113e+02 8.294669e+02 7.726226e+02 7.157782e+02 6.589338e+02 6.020895e+02 5.452451e+02 4.884008e+02 4.315564e+02 3.747120e+02 3.178677e+02 2.610233e+02 2.041790e+02 1.473346e+02 9.049023e+01 3.364587e+01 -2.319849e+01 -8.004285e+01 -1.368872e+02 -1.937316e+02 -2.505759e+02 -3.074203e+02 -3.642646e+02 -4.211090e+02 -4.779534e+02 -5.347977e+02 -5.916421e+02 -6.484865e+02
1.000000e+03 9.431556e+02 8.863113e+02 8.294669e+02 7.726226e+02 7.157782e+02 6.589338e+02 6.020895e+02 5.452451e+02 4.884008e+02 4.315564e+02 3.747120e+02 3.178677e+02 2.610233e+02 2.041790e+02 1.473346e+02 9.049023e+01 3.364587e+01 -2.319849e+01 -8.004285e+01 -1.368872e+02 -1.937316e+02 -2.505759e+02 -3.074203e+02 -3.642646e+02 -4.211090e+02 -4.779534e+02 -5.347977e+02 -5.916421e+02 -6.484865e+02
1.000000e+03 9.431556e+02 8.863113e+02 8.294669e+02 7.726226e+02 7.157782e+02 6.589338e+02 6.020895e+02 5.452451e+02 4.884008e+02 4.315564e+02 3.747120e+02 3.178677e+02 2.610233e+02 2.041790e+02 1.473346e+02 9.049023e+01 3.364587e+01 -2.319849e+01 -8.004285e+01 -1.368872e+02 -1.937316e+02 -2.505759e+02 -3.074203e+02 -3.642646e+02 -4.211090e+02 -4.779534e+02 -5.347977e+02 -5.916421e+02 -6.484865e+02
1.000000e+03 9.431556e+02 8.863113e+02 8.294669e+02 7.726226e+02 7.157782e+02 6.589338e+02 6.020895e+02 5.452451e+02 4.884008e+02 4.315564e+02 3.747120e+02 3.178677e+02 2.610233e+02 2.041790e+02 1.473346e+02 9.049023e+01 3.364587e+01 -2.319849e+01 -8.004285e+01 -1.368872e+02 -1.937316e+02 -2.505759e+02 -3.074203e+02 -3.642646e+02 -4.211090e+02 -4.779534e+02 -5.347977e+02 -5.916421e+02 -6.484865e+02
1.000000e+03 9.431556e+02 8.863113e+02 8.294669e+02 7.726226e+02 7.157782e+02 6.589338e+02 6.020895e+02 5.452451e+02 4.884008e+02 4.315564e+02 3.747120e+02 3.178677e+02 2.610233e+02 2.041790e+02 1.473346e+02 9.049023e+01 3.364587e+01 -2.319849e+01 -8.004285e+01 -1.368872e+02 -1.937316e+02 -2.505759e+02 -3.074203e+02 -3.642646e+02 -4.211090e+02 -4.779534e+02 -5.347977e+02 -5.916421e+02 -6.484865e+02
1.000000e+03 9.431556e+02 8.863113e+02 8.294669e+02 7.726226e+02 7.157782e+02 6.589338e+02 6.020895e+02 5.452451e+02 4.884008e+02 4.315564e+02 3.747120e+02 3.178677e+02 2.610233e+02 2.041790e+02 1.473346e+02 9.049023e+01 3.364587e+01 -2.319849e+01 -8.004285e+01 -1.368872e+02 -1.937316e+02 -2.505759e+02 -3.074203e+02 -3.642646e+02 -4.211090e+02 -4.779534e+02 -5.347977e+02 -5.916421e+02 -6.484865e+02
1.000000e+03 9.431556e+02 8.863113e+02 8.294669e+02 7.726226e+02 7.157782e+02 6.589338e+02 6.020895e+02 5.452451e+02 4.884008e+02 4.315564e+02 3.747120e+02 3.178677e+02 2.610233e+02 2.041790e+02 1.473346e+02 9.049023e+01 3.364587e+01 -2.319849e+01 -8.004285e+01 -1.368872e+02 -1.937316e+02 -2.505759e+02 -3.074203e+02 -3.642646e+02 -4.211090e+02 -4.779534e+02 -5.347977e+02 -5.916421e+02 -6.484865e+02
1.000000e+03 9.431556e+02 8.863113e+02 8.294669e+02 7.726226e+02 7.157782e+02 6.589338e+02 6.020895e+02 5.452451e+02 4.884008e+02 4.315564e+02 3.747120e+02 3.178677e+02 2.610233e+02 2.041790e+02 1.473346e+02 9.049023e+01 3.364587e+01 -2.319849e+01 -8.004285e+01 -1.368872e+02 -1.937316e+02 -2.505759e+02 -3.074203e+02 -3.642646e+02 -4.211090e+02 -4.779534e+02 -5.347977e+02 -5.916421e+02 -6.484865e+02
1.000000e+03 9.431556e+02 8.863113e+02 8.294669e+02 7.726226e+02 7.157782e+02 6.589338e+02 6.020895e+02 5.452451e+02 4.884008e+02 4.315564e+02 3.747120e+02 3.178677e+02 2.610233e+02 2.041790e+02 1.473346e+02 9.049023e+01 3.364587e+01 -2.319849e+01 -8.004285e+01 -1.368872e+02 -1.937316e+02 -2.505759e+02 -3.074203e+02 -3.642646e+02 -4.211090e+02 -4.779534e+02 -5.347977e+02 -5.916421e+02 -6.484865e+02
1.000000e+03 9.431556e+02 8.863113e+02 8.294669e+02 7.726226e+02 7.157782e+02 6.589338e+02 6.020895e+02 5.452451e+02 4.884008e+02 4.315564e+02 3.747120e+02 3.178677e+02 2.610233e+02 2.041790e+02 1.473346e+02 9.049023e+01 3.364587e+01 -2.319849e+01 -8.004285e+01 -1.368872e+02 -1.937316e+02 -2.505759e+02 -3.074203e+02 -3.642646e+02 -4.211090e+02 -4.779534e+02 -5.347977e+02 -5.916421e+02 -6.484865e+02
