topographies/flat_[30,30,20][45.0,0.0].asc
ncols 30
nrows 30
xllcorner 0.0
yllcorner 0.0
cellsize 20
nodata_value 0
1.000000e+03 9.793103e+02 9.586207e+02 9.379310e+02 9.172414e+02 8.965517e+02 8.758621e+02 8.551724e+02 8.344828e+02 8.137931e+02 7.931034e+02 7.724138e+02 7.517241e+02 7.310345e+02 7.103448e+02 6.896552e+02 6.689655e+02 6.482759e+02 6.275862e+02 6.068966e+02 5.862069e+02 5.655172e+02 5.448276e+02 5.241379e+02 5.034483e+02 4.827586e+02 4.620690e+02 4.413793e+02 4.206897e+02 4.000000e+02
1.000000e+03 9.793103e+02 9.586207e+02 9.379310e+02 9.172414e+02 8.965517e+02 8.758621e+02 8.551724e+02 8.344828e+02 8.137931e+02 7.931034e+02 7.724138e+02 7.517241e+02 7.310345e+02 7.103448e+02 6.896552e+02 6.689655e+02 6.482759e+02 6.275862e+02 6.068966e+02 5.862069e+02 5.655172e+02 5.448276e+02 5.241379e+02 5.034483e+02 4.827586e+02 4.620690e+02 4.413793e+02 4.206897e+02 4.000000e+02
1.000000e+03 9.793103e+02 9.586207e+02 9.379310e+02 9.172414e+02 8.965517e+02 8.758621e+02 8.551724e+02 8.344828e+02 8.137931e+02 7.931034e+02 7.724138e+02 7.517241e+02 7.310345e+02 7.103448e+02 6.896552e+02 6.689655e+02 6.482759e+02 6.275862e+02 6.068966e+02 5.862069e+02 5.655172e+02 5.448276e+02 5.241379e+02 5.034483e+02 4.827586e+02 4.620690e+02 4.413793e+02 4.206897e+02 4.000000e+02
1.000000e+03 9.793103e+02 9.586207e+02 9.379310e+02 9.172414e+02 8.965517e+02 8.758621e+02 8.551724e+02 8.344828e+02 8.137931e+02 7.931034e+02 7.724138e+02 7.517241e+02 7.310345e+02 7.103448e+02 6.896552e+02 6.689655e+02 6.482759e+02 6.275862e+02 6.068966e+02 5.862069e+02 5.655172e+02 5.448276e+02 5.241379e+02 5.034483e+02 4.827586e+02 4.620690e+02 4.413793e+02 4.206897e+02 4.000000e+02
1.000000e+03 9.793103e+02 9.586207e+02 9.379310e+02 9.172414e+02 8.965517e+02 8.758621e+02 8.551724e+02 8.344828e+02 8.137931e+02 7.931034e+02 7.724138e+02 7.517241e+02 7.310345e+02 7.103448e+02 6.896552e+02 6.689655e+02 6.482759e+02 6.275862e+02 6.068966e+02 5.862069e+02 5.655172e+02 5.448276e+02 5.241379e+02 5.034483e+02 4.827586e+02 4.620690e+02 4.413793e+02 4.206897e+02 4.000000e+02
1.000000e+03 9.793103e+02 9.586207e+02 9.379310e+02 9.172414e+02 8.965517e+02 8.758621e+02 8.551724e+02 8.344828e+02 8.137931e+02 7.931034e+02 7.724138e+02 7.517241e+02 7.310345e+02 7.103448e+02 6.896552e+02 6.689655e+02 6.482759e+02 6.275862e+02 6.068966e+02 5.862069e+02 5.655172e+02 5.448276e+02 5.241379e+02 5.034483e+02 4.827586e+02 4.620690e+02 4.413793e+02 4.206897e+02 4.000000e+02
1.000000e+03 9.793103e+02 9.586207e+02 9.379310e+02 9.172414e+02 8.965517e+02 8.758621e+02 8.551724e+02 8.344828e+02 8.137931e+02 7.931034e+02 7.724138e+02 7.517241e+02 7.310345e+02 7.103448e+02 6.896552e+02 6.689655e+02 6.482759e+02 6.275862e+02 6.068966e+02 5.862069e+02 5.655172e+02 5.448276e+02 5.241379e+02 5.034483e+02 4.827586e+02 4.620690e+02 4.413793e+02 4.206897e+02 4.000000e+02
1.000000e+03 9.793103e+02 9.586207e+02 9.379310e+02 9.172414e+02 8.965517e+02 8.758621e+02 8.551724e+02 8.344828e+02 8.137931e+02 7.931034e+02 7.724138e+02 7.517241e+02 7.310345e+02 7.103448e+02 6.896552e+02 6.689655e+02 6.482759e+02 6.275862e+02 6.068966e+02 5.862069e+02 5.655172e+02 5.448276e+02 5.241379e+02 5.034483e+02 4.827586e+02 4.620690e+02 4.413793e+02 4.206897e+02 4.000000e+02
1.000000e+03 9.793103e+02 9.586207e+02 9.379310e+02 9.172414e+02 8.965517e+02 8.758621e+02 8.551724e+02 8.344828e+02 8.137931e+02 7.931034e+02 7.724138e+02 7.517241e+02 7.310345e+02 7.103448e+02 6.896552e+02 6.689655e+02 6.482759e+02 6.275862e+02 6.068966e+02 5.862069e+02 5.655172e+02 5.448276e+02 5.241379e+02 5.034483e+02 4.827586e+02 4.620690e+02 4.413793e+02 4.206897e+02 4.000000e+02
1.000000e+03 9.793103e+02 9.586207e+02 9.379310e+02 9.172414e+02 8.965517e+02 8.758621e+02 8.551724e+02 8.344828e+02 8.137931e+02 7.931034e+02 7.724138e+02 7.517241e+02 7.310345e+02 7.103448e+02 6.896552e+02 6.689655e+02 6.482759e+02 6.275862e+02 6.068966e+02 5.862069e+02 5.655172e+02 5.448276e+02 5.241379e+02 5.034483e+02 4.827586e+02 4.620690e+02 4.413793e+02 4.206897e+02 4.000000e+02
1.000000e+03 9.793103e+02 9.586207e+02 9.379310e+02 9.172414e+02 8.965517e+02 8.758621e+02 8.551724e+02 8.344828e+02 8.137931e+02 7.931034e+02 7.724138e+02 7.517241e+02 7.310345e+02 7.103448e+02 6.896552e+02 6.689655e+02 6.482759e+02 6.275862e+02 6.068966e+02 5.862069e+02 5.655172e+02 5.448276e+02 5.241379e+02 5.034483e+02 4.827586e+02 4.620690e+02 4.413793e+02 4.206897e+02 4.000000e+02
1.000000e+03 9.793103e+02 9.586207e+02 9.379310e+02 9.172414e+02 8.965517e+02 8.758621e+02 8.551724e+02 8.344828e+02 8.137931e+02 7.931034e+02 7.724138e+02 7.517241e+02 7.310345e+02 7.103448e+02 6.896552e+02 6.689655e+02 6.482759e+02 6.275862e+02 6.068966e+02 5.862069e+02 5.655172e+02 5.448276e+02 5.241379e+02 5.034483e+02 4.827586e+02 4.620690e+02 4.413793e+02 4.206897e+02 4.000000e+02
1.000000e+03 9.793103e+02 9.586207e+02 9.379310e+02 9.172414e+02 8.965517e+02 8.758621e+02 8.551724e+02 8.344828e+02 8.137931e+02 7.931034e+02 7.724138e+02 7.517241e+02 7.310345e+02 7.103448e+02 6.896552e+02 6.689655e+02 6.482759e+02 6.275862e+02 6.068966e+02 5.862069e+02 5.655172e+02 5.448276e+02 5.241379e+02 5.034483e+02 4.827586e+02 4.620690e+02 4.413793e+02 4.206897e+02 4.000000e+02
1.000000e+03 9.793103e+02 9.586207e+02 9.379310e+02 9.172414e+02 8.965517e+02 8.758621e+02 8.551724e+02 8.344828e+02 8.137931e+02 7.931034e+02 7.724138e+02 7.517241e+02 7.310345e+02 7.103448e+02 6.896552e+02 6.689655e+02 6.482759e+02 6.275862e+02 6.068966e+02 5.862069e+02 5.655172e+02 5.448276e+02 5.241379e+02 5.034483e+02 4.827586e+02 4.620690e+02 4.413793e+02 4.206897e+02 4.000000e+02
1.000000e+03 9.793103e+02 9.586207e+02 9.379310e+02 9.172414e+02 8.965517e+02 8.758621e+02 8.551724e+02 8.344828e+02 8.137931e+02 7.931034e+02 7.724138e+02 7.517241e+02 7.310345e+02 7.103448e+02 6.896552e+02 6.689655e+02 6.482759e+02 6.275862e+02 6.068966e+02 5.862069e+02 5.655172e+02 5.448276e+02 5.241379e+02 5.034483e+02 4.827586e+02 4.620690e+02 4.413793e+02 4.206897e+02 4.000000e+02
1.000000e+03 9.793103e+02 9.586207e+02 9.379310e+02 9.172414e+02 8.965517e+02 8.758621e+02 8.551724e+02 8.344828e+02 8.137931e+02 7.931034e+02 7.724138e+02 7.517241e+02 7.310345e+02 7.103448e+02 6.896552e+02 6.689655e+02 6.482759e+02 6.275862e+02 6.068966e+02 5.862069e+02 5.655172e+02 5.448276e+02 5.241379e+02 5.034483e+02 4.827586e+02 4.620690e+02 4.413793e+02 4.206897e+02 4.000000e+02
1.000000e+03 9.793103e+02 9.586207e+02 9.379310e+02 9.172414e+02 8.965517e+02 8.758621e+02 8.551724e+02 8.344828e+02 8.137931e+02 7.931034e+02 7.724138e+02 7.517241e+02 7.310345e+02 7.103448e+02 6.896552e+02 6.689655e+02 6.482759e+02 6.275862e+02 6.068966e+02 5.862069e+02 5.655172e+02 5.448276e+02 5.241379e+02 5.034483e+02 4.827586e+02 4.620690e+02 4.413793e+02 4.206897e+02 4.000000e+02
1.000000e+03 9.793103e+02 9.586207e+02 9.379310e+02 9.172414e+02 8.965517e+02 8.758621e+02 8.551724e+02 8.344828e+02 8.137931e+02 7.931034e+02 7.724138e+02 7.517241e+02 7.310345e+02 7.103448e+02 6.896552e+02 6.689655e+02 6.482759e+02 6.275862e+02 6.068966e+02 5.862069e+02 5.655172e+02 5.448276e+02 5.241379e+02 5.034483e+02 4.827586e+02 4.620690e+02 4.413793e+02 4.206897e+02 4.000000e+02
1.000000e+03 9.793103e+02 9.586207e+02 9.379310e+02 9.172414e+02 8.965517e+02 8.758621e+02 8.551724e+02 8.344828e+02 8.137931e+02 7.931034e+02 7.724138e+02 7.517241e+02 7.310345e+02 7.103448e+02 6.896552e+02 6.689655e+02 6.482759e+02 6.275862e+02 6.068966e+02 5.862069e+02 5.655172e+02 5.448276e+02 5.241379e+02 5.034483e+02 4.827586e+02 4.620690e+02 4.413793e+02 4.206897e+02 4.000000e+02
1.000000e+03 9.793103e+02 9.586207e+02 9.379310e+02 9.172414e+02 8.965517e+02 8.758621e+02 8.551724e+02 8.344828e+02 8.137931e+02 7.931034e+02 7.724138e+02 7.517241e+02 7.310345e+02 7.103448e+02 6.896552e+02 6.689655e+02 6.482759e+02 6.275862e+02 6.068966e+02 5.862069e+02 5.655172e+02 5.448276e+02 5.241379e+02 5.034483e+02 4.827586e+02 4.620690e+02 4.413793e+02 4.206897e+02 4.000000e+02
1.000000e+03 9.793103e+02 9.586207e+02 9.379310e+02 9.172414e+02 8.965517e+02 8.758621e+02 8.551724e+02 8.344828e+02 8.137931e+02 7.931034e+02 7.724138e+02 7.517241e+02 7.310345e+02 7.103448e+02 6.896552e+02 6.689655e+02 6.482759e+02 6.275862e+02 6.068966e+02 5.862069e+02 5.655172e+02 5.448276e+02 5.241379e+02 5.034483e+02 4.827586e+02 4.620690e+02 4.413793e+02 4.206897e+02 4.000000e+02
1.000000e+03 9.793103e+02 9.586207e+02 9.379310e+02 9.172414e+02 8.965517e+02 8.758621e+02 8.551724e+02 8.344828e+02 8.137931e+02 7.931034e+02 7.724138e+02 7.517241e+02 7.310345e+02 7.103448e+02 6.896552e+02 6.689655e+02 6.482759e+02 6.275862e+02 6.068966e+02 5.862069e+02 5.655172e+02 5.448276e+02 5.241379e+02 5.034483e+02 4.827586e+02 4.620690e+02 4.413793e+02 4.206897e+02 4.000000e+02
1.000000e+03 9.793103e+02 9.586207e+02 9.379310e+02 9.172414e+02 8.965517e+02 8.758621e+02 8.551724e+02 8.344828e+02 8.137931e+02 7.931034e+02 7.724138e+02 7.517241e+02 7.310345e+02 7.103448e+02 6.896552e+02 6.689655e+02 6.482759e+02 6.275862e+02 6.068966e+02 5.862069e+02 5.655172e+02 5.448276e+02 5.241379e+02 5.034483e+02 4.827586e+02 4.620690e+02 4.413793e+02 4.206897e+02 4.000000e+02
1.000000e+03 9.793103e+02 9.586207e+02 9.379310e+02 9.172414e+02 8.965517e+02 8.758621e+02 8.551724e+02 8.344828e+02 8.137931e+02 7.931034e+02 7.724138e+02 7.517241e+02 7.310345e+02 7.103448e+02 6.896552e+02 6.689655e+02 6.482759e+02 6.275862e+02 6.068966e+02 5.862069e+02 5.655172e+02 5.448276e+02 5.241379e+02 5.034483e+02 4.827586e+02 4.620690e+02 4.413793e+02 4.206897e+02 4.000000e+02
1.000000e+03 9.793103e+02 9.586207e+02 9.379310e+02 9.172414e+02 8.965517e+02 8.758621e+02 8.551724e+02 8.344828e+02 8.137931e+02 7.931034e+02 7.724138e+02 7.517241e+02 7.310345e+02 7.103448e+02 6.896552e+02 6.689655e+02 6.482759e+02 6.275862e+02 6.068966e+02 5.862069e+02 5.655172e+02 5.448276e+02 5.241379e+02 5.034483e+02 4.827586e+02 4.620690e+02 4.413793e+02 4.206897e+02 4.000000e+02
1.000000e+03 9.793103e+02 9.586207e+02 9.379310e+02 9.172414e+02 8.965517e+02 8.758621e+02 8.551724e+02 8.344828e+02 8.137931e+02 7.931034e+02 7.724138e+02 7.517241e+02 7.310345e+02 7.103448e+02 6.896552e+02 6.689655e+02 6.482759e+02 6.275862e+02 6.068966e+02 5.862069e+02 5.655172e+02 5.448276e+02 5.241379e+02 5.034483e+02 4.827586e+02 4.620690e+02 4.413793e+02 4.206897e+02 4.000000e+02
1.000000e+03 9.793103e+02 9.586207e+02 9.379310e+02 9.172414e+02 8.965517e+02 8.758621e+02 8.551724e+02 8.344828e+02 8.137931e+02 7.931034e+02 7.724138e+02 7.517241e+02 7.310345e+02 7.103448e+02 6.896552e+02 6.689655e+02 6.482759e+02 6.275862e+02 6.068966e+02 5.862069e+02 5.655172e+02 5.448276e+02 5.241379e+02 5.034483e+02 4.827586e+02 4.620690e+02 4.413793e+02 4.206897e+02 4.000000e+02
1.000000e+03 9.793103e+02 9.586207e+02 9.379310e+02 9.172414e+02 8.965517e+02 8.758621e+02 8.551724e+02 8.344828e+02 8.137931e+02 7.931034e+02 7.724138e+02 7.517241e+02 7.310345e+02 7.103448e+02 6.896552e+02 6.689655e+02 6.482759e+02 6.275862e+02 6.068966e+02 5.862069e+02 5.655172e+02 5.448276e+02 5.241379e+02 5.034483e+02 4.827586e+02 4.620690e+02 4.413793e+02 4.206897e+02 4.000000e+02
1.000000e+03 9.793103e+02 9.586207e+02 9.379310e+02 9.172414e+02 8.965517e+02 8.758621e+02 8.551724e+02 8.344828e+02 8.137931e+02 7.931034e+02 7.724138e+02 7.517241e+02 7.310345e+02 7.103448e+02 6.896552e+02 6.689655e+02 6.482759e+02 6.275862e+02 6.068966e+02 5.862069e+02 5.655172e+02 5.448276e+02 5.241379e+02 5.034483e+02 4.827586e+02 4.620690e+02 4.413793e+02 4.206897e+02 4.000000e+02
1.000000e+03 9.793103e+02 9.586207e+02 9.379310e+02 9.172414e+02 8.965517e+02 8.758621e+02 8.551724e+02 8.344828e+02 8.137931e+02 7.931034e+02 7.724138e+02 7.517241e+02 7.310345e+02 7.103448e+02 6.896552e+02 6.689655e+02 6.482759e+02 6.275862e+02 6.068966e+02 5.862069e+02 5.655172e+02 5.448276e+02 5.241379e+02 5.034483e+02 4.827586e+02 4.620690e+02 4.413793e+02 4.206897e+02 4.000000e+02
