topographies/flat_[30,30,20][1.0,0.0].asc
ncols 30
nrows 30
xllcorner 0.0
yllcorner 0.0
cellsize 20
nodata_value 0
1.000000e+03 9.996389e+02 9.992777e+02 9.989166e+02 9.985554e+02 9.981943e+02 9.978332e+02 9.974720e+02 9.971109e+02 9.967497e+02 9.963886e+02 9.960275e+02 9.956663e+02 9.953052e+02 9.949441e+02 9.945829e+02 9.942218e+02 9.938606e+02 9.934995e+02 9.931384e+02 9.927772e+02 9.924161e+02 9.920549e+02 9.916938e+02 9.913327e+02 9.909715e+02 9.906104e+02 9.902492e+02 9.898881e+02 9.895270e+02
1.000000e+03 9.996389e+02 9.992777e+02 9.989166e+02 9.985554e+02 9.981943e+02 9.978332e+02 9.974720e+02 9.971109e+02 9.967497e+02 9.963886e+02 9.960275e+02 9.956663e+02 9.953052e+02 9.949441e+02 9.945829e+02 9.942218e+02 9.938606e+02 9.934995e+02 9.931384e+02 9.927772e+02 9.924161e+02 9.920549e+02 9.916938e+02 9.913327e+02 9.909715e+02 9.906104e+02 9.902492e+02 9.898881e+02 9.895270e+02
1.000000e+03 9.996389e+02 9.992777e+02 9.989166e+02 9.985554e+02 9.981943e+02 9.978332e+02 9.974720e+02 9.971109e+02 9.967497e+02 9.963886e+02 9.960275e+02 9.956663e+02 9.953052e+02 9.949441e+02 9.945829e+02 9.942218e+02 9.938606e+02 9.934995e+02 9.931384e+02 9.927772e+02 9.924161e+02 9.920549e+02 9.916938e+02 9.913327e+02 9.909715e+02 9.906104e+02 9.902492e+02 9.898881e+02 9.895270e+02
1.000000e+03 9.996389e+02 9.992777e+02 9.989166e+02 9.985554e+02 9.981943e+02 9.978332e+02 9.974720e+02 9.971109e+02 9.967497e+02 9.963886e+02 9.960275e+02 9.956663e+02 9.953052e+02 9.949441e+02 9.945829e+02 9.942218e+02 9.938606e+02 9.934995e+02 9.931384e+02 9.927772e+02 9.924161e+02 9.920549e+02 9.916938e+02 9.913327e+02 9.909715e+02 9.906104e+02 9.902492e+02 9.898881e+02 9.895270e+02
1.000000e+03 9.996389e+02 9.992777e+02 9.989166e+02 9.985554e+02 9.981943e+02 9.978332e+02 9.974720e+02 9.971109e+02 9.967497e+02 9.963886e+02 9.960275e+02 9.956663e+02 9.953052e+02 9.949441e+02 9.945829e+02 9.942218e+02 9.938606e+02 9.934995e+02 9.931384e+02 9.927772e+02 9.924161e+02 9.920549e+02 9.916938e+02 9.913327e+02 9.909715e+02 9.906104e+02 9.902492e+02 9.898881e+02 9.895270e+02
1.000000e+03 9.996389e+02 9.992777e+02 9.989166e+02 9.985554e+02 9.981943e+02 9.978332e+02 9.974720e+02 9.971109e+02 9.967497e+02 9.963886e+02 9.960275e+02 9.956663e+02 9.953052e+02 9.949441e+02 9.945829e+02 9.942218e+02 9.938606e+02 9.934995e+02 9.931384e+02 9.927772e+02 9.924161e+02 9.920549e+02 9.916938e+02 9.913327e+02 9.909715e+02 9.906104e+02 9.902492e+02 9.898881e+02 9.895270e+02
1.000000e+03 9.996389e+02 9.992777e+02 9.989166e+02 9.985554e+02 9.981943e+02 9.978332e+02 9.974720e+02 9.971109e+02 9.967497e+02 9.963886e+02 9.960275e+02 9.956663e+02 9.953052e+02 9.949441e+02 9.945829e+02 9.942218e+02 9.938606e+02 9.934995e+02 9.931384e+02 9.927772e+02 9.924161e+02 9.920549e+02 9.916938e+02 9.913327e+02 9.909715e+02 9.906104e+02 9.902492e+02 9.898881e+02 9.895270e+02
1.000000e+03 9.996389e+02 9.992777e+02 9.989166e+02 9.985554e+02 9.981943e+02 9.978332e+02 9.974720e+02 9.971109e+02 9.967497e+02 9.963886e+02 9.960275e+02 9.956663e+02 9.953052e+02 9.949441e+02 9.945829e+02 9.942218e+02 9.938606e+02 9.934995e+02 9.931384e+02 9.927772e+02 9.924161e+02 9.920549e+02 9.916938e+02 9.913327e+02 9.909715e+02 9.906104e+02 9.902492e+02 9.898881e+02 9.895270e+02
1.000000e+03 9.996389e+02 9.992777e+02 9.989166e+02 9.985554e+02 9.981943e+02 9.978332e+02 9.974720e+02 9.971109e+02 9.967497e+02 9.963886e+02 9.960275e+02 9.956663e+02 9.953052e+02 9.949441e+02 9.945829e+02 9.942218e+02 9.938606e+02 9.934995e+02 9.931384e+02 9.927772e+02 9.924161e+02 9.920549e+02 9.916938e+02 9.913327e+02 9.909715e+02 9.906104e+02 9.902492e+02 9.898881e+02 9.895270e+02
1.000000e+03 9.996389e+02 9.992777e+02 9.989166e+02 9.985554e+02 9.981943e+02 9.978332e+02 9.974720e+02 9.971109e+02 9.967497e+02 9.963886e+02 9.960275e+02 9.956663e+02 9.953052e+02 9.949441e+02 9.945829e+02 9.942218e+02 9.938606e+02 9.934995e+02 9.931384e+02 9.927772e+02 9.924161e+02 9.920549e+02 9.916938e+02 9.913327e+02 9.909715e+02 9.906104e+02 9.902492e+02 9.898881e+02 9.895270e+02
1.000000e+03 9.996389e+02 9.992777e+02 9.989166e+02 9.985554e+02 9.981943e+02 9.978332e+02 9.974720e+02 9.971109e+02 9.967497e+02 9.963886e+02 9.960275e+02 9.956663e+02 9.953052e+02 9.949441e+02 9.945829e+02 9.942218e+02 9.938606e+02 9.934995e+02 9.931384e+02 9.927772e+02 9.924161e+02 9.920549e+02 9.916938e+02 9.913327e+02 9.909715e+02 9.906104e+02 9.902492e+02 9.898881e+02 9.895270e+02
1.000000e+03 9.996389e+02 9.992777e+02 9.989166e+02 9.985554e+02 9.981943e+02 9.978332e+02 9.974720e+02 9.971109e+02 9.967497e+02 9.963886e+02 9.960275e+02 9.956663e+02 9.953052e+02 9.949441e+02 9.945829e+02 9.942218e+02 9.938606e+02 9.934995e+02 9.931384e+02 9.927772e+02 9.924161e+02 9.920549e+02 9.916938e+02 9.913327e+02 9.909715e+02 9.906104e+02 9.902492e+02 9.898881e+02 9.895270e+02
1.000000e+03 9.996389e+02 9.992777e+02 9.989166e+02 9.985554e+02 9.981943e+02 9.978332e+02 9.974720e+02 9.971109e+02 9.967497e+02 9.963886e+02 9.960275e+02 9.956663e+02 9.953052e+02 9.949441e+02 9.945829e+02 9.942218e+02 9.938606e+02 9.934995e+02 9.931384e+02 9.927772e+02 9.924161e+02 9.920549e+02 9.916938e+02 9.913327e+02 9.909715e+02 9.906104e+02 9.902492e+02 9.898881e+02 9.895270e+02
1.000000e+03 9.996389e+02 9.992777e+02 9.989166e+02 9.985554e+02 9.981943e+02 9.978332e+02 9.974720e+02 9.971109e+02 9.967497e+02 9.963886e+02 9.960275e+02 9.956663e+02 9.953052e+02 9.949441e+02 9.945829e+02 9.942218e+02 9.938606e+02 9.934995e+02 9.931384e+02 9.927772e+02 9.924161e+02 9.920549e+02 9.916938e+02 9.913327e+02 9.909715e+02 9.906104e+02 9.902492e+02 9.898881e+02 9.895270e+02
1.000000e+03 9.996389e+02 9.992777e+02 9.989166e+02 9.985554e+02 9.981943e+02 9.978332e+02 9.974720e+02 9.971109e+02 9.967497e+02 9.963886e+02 9.960275e+02 9.956663e+02 9.953052e+02 9.949441e+02 9.945829e+02 9.942218e+02 9.938606e+02 9.934995e+02 9.931384e+02 9.927772e+02 9.924161e+02 9.920549e+02 9.916938e+02 9.913327e+02 9.909715e+02 9.906104e+02 9.902492e+02 9.898881e+02 9.895270e+02
1.000000e+03 9.996389e+02 9.992777e+02 9.989166e+02 9.985554e+02 9.981943e+02 9.978332e+02 9.974720e+02 9.971109e+02 9.967497e+02 9.963886e+02 9.960275e+02 9.956663e+02 9.953052e+02 9.949441e+02 9.945829e+02 9.942218e+02 9.938606e+02 9.934995e+02 9.931384e+02 9.927772e+02 9.924161e+02 9.920549e+02 9.916938e+02 9.913327e+02 9.909715e+02 9.906104e+02 9.902492e+02 9.898881e+02 9.895270e+02
1.000000e+03 9.996389e+02 9.992777e+02 9.989166e+02 9.985554e+02 9.981943e+02 9.978332e+02 9.974720e+02 9.971109e+02 9.967497e+02 9.963886e+02 9.960275e+02 9.956663e+02 9.953052e+02 9.949441e+02 9.945829e+02 9.942218e+02 9.938606e+02 9.934995e+02 9.931384e+02 9.927772e+02 9.924161e+02 9.920549e+02 9.916938e+02 9.913327e+02 9.909715e+02 9.906104e+02 9.902492e+02 9.898881e+02 9.895270e+02
1.000000e+03 9.996389e+02 9.992777e+02 9.989166e+02 9.985554e+02 9.981943e+02 9.978332e+02 9.974720e+02 9.971109e+02 9.967497e+02 9.963886e+02 9.960275e+02 9.956663e+02 9.953052e+02 9.949441e+02 9.945829e+02 9.942218e+02 9.938606e+02 9.934995e+02 9.931384e+02 9.927772e+02 9.924161e+02 9.920549e+02 9.916938e+02 9.913327e+02 9.909715e+02 9.906104e+02 9.902492e+02 9.898881e+02 9.895270e+02
1.000000e+03 9.996389e+02 9.992777e+02 9.989166e+02 9.985554e+02 9.981943e+02 9.978332e+02 9.974720e+02 9.971109e+02 9.967497e+02 9.963886e+02 9.960275e+02 9.956663e+02 9.953052e+02 9.949441e+02 9.945829e+02 9.942218e+02 9.938606e+02 9.934995e+02 9.931384e+02 9.927772e+02 9.924161e+02 9.920549e+02 9.916938e+02 9.913327e+02 9.909715e+02 9.906104e+02 9.902492e+02 9.898881e+02 9.895270e+02
1.000000e+03 9.996389e+02 9.992777e+02 9.989166e+02 9.985554e+02 9.981943e+02 9.978332e+02 9.974720e+02 9.971109e+02 9.967497e+02 9.963886e+02 9.960275e+02 9.956663e+02 9.953052e+02 9.949441e+02 9.945829e+02 9.942218e+02 9.938606e+02 9.934995e+02 9.931384e+02 9.927772e+02 9.924161e+02 9.920549e+02 9.916938e+02 9.913327e+02 9.909715e+02 9.906104e+02 9.902492e+02 9.898881e+02 9.895270e+02
1.000000e+03 9.996389e+02 9.992777e+02 9.989166e+02 9.985554e+02 9.981943e+02 9.978332e+02 9.974720e+02 9.971109e+02 9.967497e+02 9.963886e+02 9.960275e+02 9.956663e+02 9.953052e+02 9.949441e+02 9.945829e+02 9.942218e+02 9.938606e+02 9.934995e+02 9.931384e+02 9.927772e+02 9.924161e+02 9.920549e+02 9.916938e+02 9.913327e+02 9.909715e+02 9.906104e+02 9.902492e+02 9.898881e+02 9.895270e+02
1.000000e+03 9.996389e+02 9.992777e+02 9.989166e+02 9.985554e+02 9.981943e+02 9.978332e+02 9.974720e+02 9.971109e+02 9.967497e+02 9.963886e+02 9.960275e+02 9.956663e+02 9.953052e+02 9.949441e+02 9.945829e+02 9.942218e+02 9.938606e+02 9.934995e+02 9.931384e+02 9.927772e+02 9.924161e+02 9.920549e+02 9.916938e+02 9.913327e+02 9.909715e+02 9.906104e+02 9.902492e+02 9.898881e+02 9.895270e+02
1.000000e+03 9.996389e+02 9.992777e+02 9.989166e+02 9.985554e+02 9.981943e+02 9.978332e+02 9.974720e+02 9.971109e+02 9.967497e+02 9.963886e+02 9.960275e+02 9.956663e+02 9.953052e+02 9.949441e+02 9.945829e+02 9.942218e+02 9.938606e+02 9.934995e+02 9.931384e+02 9.927772e+02 9.924161e+02 9.920549e+02 9.916938e+02 9.913327e+02 9.909715e+02 9.906104e+02 9.902492e+02 9.898881e+02 9.895270e+02
1.000000e+03 9.996389e+02 9.992777e+02 9.989166e+02 9.985554e+02 9.981943e+02 9.978332e+02 9.974720e+02 9.971109e+02 9.967497e+02 9.963886e+02 9.960275e+02 9.956663e+02 9.953052e+02 9.949441e+02 9.945829e+02 9.942218e+02 9.938606e+02 9.934995e+02 9.931384e+02 9.927772e+02 9.924161e+02 9.920549e+02 9.916938e+02 9.913327e+02 9.909715e+02 9.906104e+02 9.902492e+02 9.898881e+02 9.895270e+02
1.000000e+03 9.996389e+02 9.992777e+02 9.989166e+02 9.985554e+02 9.981943e+02 9.978332e+02 9.974720e+02 9.971109e+02 9.967497e+02 9.963886e+02 9.960275e+02 9.956663e+02 9.953052e+02 9.949441e+02 9.945829e+02 9.942218e+02 9.938606e+02 9.934995e+02 9.931384e+02 9.927772e+02 9.924161e+02 9.920549e+02 9.916938e+02 9.913327e+02 9.909715e+02 9.906104e+02 9.902492e+02 9.898881e+02 9.895270e+02
1.000000e+03 9.996389e+02 9.992777e+02 9.989166e+02 9.985554e+02 9.981943e+02 9.978332e+02 9.974720e+02 9.971109e+02 9.967497e+02 9.963886e+02 9.960275e+02 9.956663e+02 9.953052e+02 9.949441e+02 9.945829e+02 9.942218e+02 9.938606e+02 9.934995e+02 9.931384e+02 9.927772e+02 9.924161e+02 9.920549e+02 9.916938e+02 9.913327e+02 9.909715e+02 9.906104e+02 9.902492e+02 9.898881e+02 9.895270e+02
1.000000e+03 9.996389e+02 9.992777e+02 9.989166e+02 9.985554e+02 9.981943e+02 9.978332e+02 9.974720e+02 9.971109e+02 9.967497e+02 9.963886e+02 9.960275e+02 9.956663e+02 9.953052e+02 9.949441e+02 9.945829e+02 9.942218e+02 9.938606e+02 9.934995e+02 9.931384e+02 9.927772e+02 9.924161e+02 9.920549e+02 9.916938e+02 9.913327e+02 9.909715e+02 9.906104e+02 9.902492e+02 9.898881e+02 9.895270e+02
1.000000e+03 9.996389e+02 9.992777e+02 9.989166e+02 9.985554e+02 9.981943e+02 9.978332e+02 9.974720e+02 9.971109e+02 9.967497e+02 9.963886e+02 9.960275e+02 9.956663e+02 9.953052e+02 9.949441e+02 9.945829e+02 9.942218e+02 9.938606e+02 9.934995e+02 9.931384e+02 9.927772e+02 9.924161e+02 9.920549e+02 9.916938e+02 9.913327e+02 9.909715e+02 9.906104e+02 9.902492e+02 9.898881e+02 9.895270e+02
1.000000e+03 9.996389e+02 9.992777e+02 9.989166e+02 9.985554e+02 9.981943e+02 9.978332e+02 9.974720e+02 9.971109e+02 9.967497e+02 9.963886e+02 9.960275e+02 9.956663e+02 9.953052e+02 9.949441e+02 9.945829e+02 9.942218e+02 9.938606e+02 9.934995e+02 9.931384e+02 9.927772e+02 9.924161e+02 9.920549e+02 9.916938e+02 9.913327e+02 9.909715e+02 9.906104e+02 9.902492e+02 9.898881e+02 9.895270e+02
1.000000e+03 9.996389e+02 9.992777e+02 9.989166e+02 9.985554e+02 9.981943e+02 9.978332e+02 9.974720e+02 9.971109e+02 9.967497e+02 9.963886e+02 9.960275e+02 9.956663e+02 9.953052e+02 9.949441e+02 9.945829e+02 9.942218e+02 9.938606e+02 9.934995e+02 9.931384e+02 9.927772e+02 9.924161e+02 9.920549e+02 9.916938e+02 9.913327e+02 9.909715e+02 9.906104e+02 9.902492e+02 9.898881e+02 9.895270e+02
