topographies/flat_[30,30,20][5.0,0.0].asc
ncols 30
nrows 30
xllcorner 0.0
yllcorner 0.0
cellsize 20
nodata_value 0
1.000000e+03 9.981899e+02 9.963798e+02 9.945697e+02 9.927596e+02 9.909494e+02 9.891393e+02 9.873292e+02 9.855191e+02 9.837090e+02 9.818989e+02 9.800888e+02 9.782787e+02 9.764686e+02 9.746585e+02 9.728483e+02 9.710382e+02 9.692281e+02 9.674180e+02 9.656079e+02 9.637978e+02 9.619877e+02 9.601776e+02 9.583675e+02 9.565574e+02 9.547472e+02 9.529371e+02 9.511270e+02 9.493169e+02 9.475068e+02
1.000000e+03 9.981899e+02 9.963798e+02 9.945697e+02 9.927596e+02 9.909494e+02 9.891393e+02 9.873292e+02 9.855191e+02 9.837090e+02 9.818989e+02 9.800888e+02 9.782787e+02 9.764686e+02 9.746585e+02 9.728483e+02 9.710382e+02 9.692281e+02 9.674180e+02 9.656079e+02 9.637978e+02 9.619877e+02 9.601776e+02 9.583675e+02 9.565574e+02 9.547472e+02 9.529371e+02 9.511270e+02 9.493169e+02 9.475068e+02
1.000000e+03 9.981899e+02 9.963798e+02 9.945697e+02 9.927596e+02 9.909494e+02 9.891393e+02 9.873292e+02 9.855191e+02 9.837090e+02 9.818989e+02 9.800888e+02 9.782787e+02 9.764686e+02 9.746585e+02 9.728483e+02 9.710382e+02 9.692281e+02 9.674180e+02 9.656079e+02 9.637978e+02 9.619877e+02 9.601776e+02 9.583675e+02 9.565574e+02 9.547472e+02 9.529371e+02 9.511270e+02 9.493169e+02 9.475068e+02
1.000000e+03 9.981899e+02 9.963798e+02 9.945697e+02 9.927596e+02 9.909494e+02 9.891393e+02 9.873292e+02 9.855191e+02 9.837090e+02 9.818989e+02 9.800888e+02 9.782787e+02 9.764686e+02 9.746585e+02 9.728483e+02 9.710382e+02 9.692281e+02 9.674180e+02 9.656079e+02 9.637978e+02 9.619877e+02 9.601776e+02 9.583675e+02 9.565574e+02 9.547472e+02 9.529371e+02 9.511270e+02 9.493169e+02 9.475068e+02
1.000000e+03 9.981899e+02 9.963798e+02 9.945697e+02 9.927596e+02 9.909494e+02 9.891393e+02 9.873292e+02 9.855191e+02 9.837090e+02 9.818989e+02 9.800888e+02 9.782787e+02 9.764686e+02 9.746585e+02 9.728483e+02 9.710382e+02 9.692281e+02 9.674180e+02 9.656079e+02 9.637978e+02 9.619877e+02 9.601776e+02 9.583675e+02 9.565574e+02 9.547472e+02 9.529371e+02 9.511270e+02 9.493169e+02 9.475068e+02
1.000000e+03 9.981899e+02 9.963798e+02 9.945697e+02 9.927596e+02 9.909494e+02 9.891393e+02 9.873292e+02 9.855191e+02 9.837090e+02 9.818989e+02 9.800888e+02 9.782787e+02 9.764686e+02 9.746585e+02 9.728483e+02 9.710382e+02 9.692281e+02 9.674180e+02 9.656079e+02 9.637978e+02 9.619877e+02 9.601776e+02 9.583675e+02 9.565574e+02 9.547472e+02 9.529371e+02 9.511270e+02 9.493169e+02 9.475068e+02
1.000000e+03 9.981899e+02 9.963798e+02 9.945697e+02 9.927596e+02 9.909494e+02 9.891393e+02 9.873292e+02 9.855191e+02 9.837090e+02 9.818989e+02 9.800888e+02 9.782787e+02 9.764686e+02 9.746585e+02 9.728483e+02 9.710382e+02 9.692281e+02 9.674180e+02 9.656079e+02 9.637978e+02 9.619877e+02 9.601776e+02 9.583675e+02 9.565574e+02 9.547472e+02 9.529371e+02 9.511270e+02 9.493169e+02 9.475068e+02
1.000000e+03 9.981899e+02 9.963798e+02 9.945697e+02 9.927596e+02 9.909494e+02 9.891393e+02 9.873292e+02 9.855191e+02 9.837090e+02 9.818989e+02 9.800888e+02 9.782787e+02 9.764686e+02 9.746585e+02 9.728483e+02 9.710382e+02 9.692281e+02 9.674180e+02 9.656079e+02 9.637978e+02 9.619877e+02 9.601776e+02 9.583675e+02 9.565574e+02 9.547472e+02 9.529371e+02 9.511270e+02 9.493169e+02 9.475068e+02
1.000000e+03 9.981899e+02 9.963798e+02 9.945697e+02 9.927596e+02 9.909494e+02 9.891393e+02 9.873292e+02 9.855191e+02 9.837090e+02 9.818989e+02 9.800888e+02 9.782787e+02 9.764686e+02 9.746585e+02 9.728483e+02 9.710382e+02 9.692281e+02 9.674180e+02 9.656079e+02 9.637978e+02 9.619877e+02 9.601776e+02 9.583675e+02 9.565574e+02 9.547472e+02 9.529371e+02 9.511270e+02 9.493169e+02 9.475068e+02
1.000000e+03 9.981899e+02 9.963798e+02 9.945697e+02 9.927596e+02 9.909494e+02 9.891393e+02 9.873292e+02 9.855191e+02 9.837090e+02 9.818989e+02 9.800888e+02 9.782787e+02 9.764686e+02 9.746585e+02 9.728483e+02 9.710382e+02 9.692281e+02 9.674180e+02 9.656079e+02 9.637978e+02 9.619877e+02 9.601776e+02 9.583675e+02 9.565574e+02 9.547472e+02 9.529371e+02 9.511270e+02 9.493169e+02 9.475068e+02
1.000000e+03 9.981899e+02 9.963798e+02 9.945697e+02 9.927596e+02 9.909494e+02 9.891393e+02 9.873292e+02 9.855191e+02 9.837090e+02 9.818989e+02 9.800888e+02 9.782787e+02 9.764686e+02 9.746585e+02 9.728483e+02 9.710382e+02 9.692281e+02 9.674180e+02 9.656079e+02 9.637978e+02 9.619877e+02 9.601776e+02 9.583675e+02 9.565574e+02 9.547472e+02 9.529371e+02 9.511270e+02 9.493169e+02 9.475068e+02
1.000000e+03 9.981899e+02 9.963798e+02 9.945697e+02 9.927596e+02 9.909494e+02 9.891393e+02 9.873292e+02 9.855191e+02 9.837090e+02 9.818989e+02 9.800888e+02 9.782787e+02 9.764686e+02 9.746585e+02 9.728483e+02 9.710382e+02 9.692281e+02 9.674180e+02 9.656079e+02 9.637978e+02 9.619877e+02 9.601776e+02 9.583675e+02 9.565574e+02 9.547472e+02 9.529371e+02 9.511270e+02 9.493169e+02 9.475068e+02
1.000000e+03 9.981899e+02 9.963798e+02 9.945697e+02 9.927596e+02 9.909494e+02 9.891393e+02 9.873292e+02 9.855191e+02 9.837090e+02 9.818989e+02 9.800888e+02 9.782787e+02 9.764686e+02 9.746585e+02 9.728483e+02 9.710382e+02 9.692281e+02 9.674180e+02 9.656079e+02 9.637978e+02 9.619877e+02 9.601776e+02 9.583675e+02 9.565574e+02 9.547472e+02 9.529371e+02 9.511270e+02 9.493169e+02 9.475068e+02
1.000000e+03 9.981899e+02 9.963798e+02 9.945697e+02 9.927596e+02 9.909494e+02 9.891393e+02 9.873292e+02 9.855191e+02 9.837090e+02 9.818989e+02 9.800888e+02 9.782787e+02 9.764686e+02 9.746585e+02 9.728483e+02 9.710382e+02 9.692281e+02 9.674180e+02 9.656079e+02 9.637978e+02 9.619877e+02 9.601776e+02 9.583675e+02 9.565574e+02 9.547472e+02 9.529371e+02 9.511270e+02 9.493169e+02 9.475068e+02
1.000000e+03 9.981899e+02 9.963798e+02 9.945697e+02 9.927596e+02 9.909494e+02 9.891393e+02 9.873292e+02 9.855191e+02 9.837090e+02 9.818989e+02 9.800888e+02 9.782787e+02 9.764686e+02 9.746585e+02 9.728483e+02 9.710382e+02 9.692281e+02 9.674180e+02 9.656079e+02 9.637978e+02 9.619877e+02 9.601776e+02 9.583675e+02 9.565574e+02 9.547472e+02 9.529371e+02 9.511270e+02 9.493169e+02 9.475068e+02
1.000000e+03 9.981899e+02 9.963798e+02 9.945697e+02 9.927596e+02 9.909494e+02 9.891393e+02 9.873292e+02 9.855191e+02 9.837090e+02 9.818989e+02 9.800888e+02 9.782787e+02 9.764686e+02 9.746585e+02 9.728483e+02 9.710382e+02 9.692281e+02 9.674180e+02 9.656079e+02 9.637978e+02 9.619877e+02 9.601776e+02 9.583675e+02 9.565574e+02 9.547472e+02 9.529371e+02 9.511270e+02 9.493169e+02 9.475068e+02
1.000000e+03 9.981899e+02 9.963798e+02 9.945697e+02 9.927596e+02 9.909494e+02 9.891393e+02 9.873292e+02 9.855191e+02 9.837090e+02 9.818989e+02 9.800888e+02 9.782787e+02 9.764686e+02 9.746585e+02 9.728483e+02 9.710382e+02 9.692281e+02 9.674180e+02 9.656079e+02 9.637978e+02 9.619877e+02 9.601776e+02 9.583675e+02 9.565574e+02 9.547472e+02 9.529371e+02 9.511270e+02 9.493169e+02 9.475068e+02
1.000000e+03 9.981899e+02 9.963798e+02 9.945697e+02 9.927596e+02 9.909494e+02 9.891393e+02 9.873292e+02 9.855191e+02 9.837090e+02 9.818989e+02 9.800888e+02 9.782787e+02 9.764686e+02 9.746585e+02 9.728483e+02 9.710382e+02 9.692281e+02 9.674180e+02 9.656079e+02 9.637978e+02 9.619877e+02 9.601776e+02 9.583675e+02 9.565574e+02 9.547472e+02 9.529371e+02 9.511270e+02 9.493169e+02 9.475068e+02
1.000000e+03 9.981899e+02 9.963798e+02 9.945697e+02 9.927596e+02 9.909494e+02 9.891393e+02 9.873292e+02 9.855191e+02 9.837090e+02 9.818989e+02 9.800888e+02 9.782787e+02 9.764686e+02 9.746585e+02 9.728483e+02 9.710382e+02 9.692281e+02 9.674180e+02 9.656079e+02 9.637978e+02 9.619877e+02 9.601776e+02 9.583675e+02 9.565574e+02 9.547472e+02 9.529371e+02 9.511270e+02 9.493169e+02 9.475068e+02
1.000000e+03 9.981899e+02 9.963798e+02 9.945697e+02 9.927596e+02 9.909494e+02 9.891393e+02 9.873292e+02 9.855191e+02 9.837090e+02 9.818989e+02 9.800888e+02 9.782787e+02 9.764686e+02 9.746585e+02 9.728483e+02 9.710382e+02 9.692281e+02 9.674180e+02 9.656079e+02 9.637978e+02 9.619877e+02 9.601776e+02 9.583675e+02 9.565574e+02 9.547472e+02 9.529371e+02 9.511270e+02 9.493169e+02 9.475068e+02
1.000000e+03 9.981899e+02 9.963798e+02 9.945697e+02 9.927596e+02 9.909494e+02 9.891393e+02 9.873292e+02 9.855191e+02 9.837090e+02 9.818989e+02 9.800888e+02 9.782787e+02 9.764686e+02 9.746585e+02 9.728483e+02 9.710382e+02 9.692281e+02 9.674180e+02 9.656079e+02 9.637978e+02 9.619877e+02 9.601776e+02 9.583675e+02 9.565574e+02 9.547472e+02 9.529371e+02 9.511270e+02 9.493169e+02 9.475068e+02
1.000000e+03 9.981899e+02 9.963798e+02 9.945697e+02 9.927596e+02 9.909494e+02 9.891393e+02 9.873292e+02 9.855191e+02 9.837090e+02 9.818989e+02 9.800888e+02 9.782787e+02 9.764686e+02 9.746585e+02 9.728483e+02 9.710382e+02 9.692281e+02 9.674180e+02 9.656079e+02 9.637978e+02 9.619877e+02 9.601776e+02 9.583675e+02 9.565574e+02 9.547472e+02 9.529371e+02 9.511270e+02 9.493169e+02 9.475068e+02
1.000000e+03 9.981899e+02 9.963798e+02 9.945697e+02 9.927596e+02 9.909494e+02 9.891393e+02 9.873292e+02 9.855191e+02 9.837090e+02 9.818989e+02 9.800888e+02 9.782787e+02 9.764686e+02 9.746585e+02 9.728483e+02 9.710382e+02 9.692281e+02 9.674180e+02 9.656079e+02 9.637978e+02 9.619877e+02 9.601776e+02 9.583675e+02 9.565574e+02 9.547472e+02 9.529371e+02 9.511270e+02 9.493169e+02 9.475068e+02
1.000000e+03 9.981899e+02 9.963798e+02 9.945697e+02 9.927596e+02 9.909494e+02 9.891393e+02 9.873292e+02 9.855191e+02 9.837090e+02 9.818989e+02 9.800888e+02 9.782787e+02 9.764686e+02 9.746585e+02 9.728483e+02 9.710382e+02 9.692281e+02 9.674180e+02 9.656079e+02 9.637978e+02 9.619877e+02 9.601776e+02 9.583675e+02 9.565574e+02 9.547472e+02 9.529371e+02 9.511270e+02 9.493169e+02 9.475068e+02
1.000000e+03 9.981899e+02 9.963798e+02 9.945697e+02 9.927596e+02 9.909494e+02 9.891393e+02 9.873292e+02 9.855191e+02 9.837090e+02 9.818989e+02 9.800888e+02 9.782787e+02 9.764686e+02 9.746585e+02 9.728483e+02 9.710382e+02 9.692281e+02 9.674180e+02 9.656079e+02 9.637978e+02 9.619877e+02 9.601776e+02 9.583675e+02 9.565574e+02 9.547472e+02 9.529371e+02 9.511270e+02 9.493169e+02 9.475068e+02
1.000000e+03 9.981899e+02 9.963798e+02 9.945697e+02 9.927596e+02 9.909494e+02 9.891393e+02 9.873292e+02 9.855191e+02 9.837090e+02 9.818989e+02 9.800888e+02 9.782787e+02 9.764686e+02 9.746585e+02 9.728483e+02 9.710382e+02 9.692281e+02 9.674180e+02 9.656079e+02 9.637978e+02 9.619877e+02 9.601776e+02 9.583675e+02 9.565574e+02 9.547472e+02 9.529371e+02 9.511270e+02 9.493169e+02 9.475068e+02
1.000000e+03 9.981899e+02 9.963798e+02 9.945697e+02 9.927596e+02 9.909494e+02 9.891393e+02 9.873292e+02 9.855191e+02 9.837090e+02 9.818989e+02 9.800888e+02 9.782787e+02 9.764686e+02 9.746585e+02 9.728483e+02 9.710382e+02 9.692281e+02 9.674180e+02 9.656079e+02 9.637978e+02 9.619877e+02 9.601776e+02 9.583675e+02 9.565574e+02 9.547472e+02 9.529371e+02 9.511270e+02 9.493169e+02 9.475068e+02
1.000000e+03 9.981899e+02 9.963798e+02 9.945697e+02 9.927596e+02 9.909494e+02 9.891393e+02 9.873292e+02 9.855191e+02 9.837090e+02 9.818989e+02 9.800888e+02 9.782787e+02 9.764686e+02 9.746585e+02 9.728483e+02 9.710382e+02 9.692281e+02 9.674180e+02 9.656079e+02 9.637978e+02 9.619877e+02 9.601776e+02 9.583675e+02 9.565574e+02 9.547472e+02 9.529371e+02 9.511270e+02 9.493169e+02 9.475068e+02
1.000000e+03 9.981899e+02 9.963798e+02 9.945697e+02 9.927596e+02 9.909494e+02 9.891393e+02 9.873292e+02 9.855191e+02 9.837090e+02 9.818989e+02 9.800888e+02 9.782787e+02 9.764686e+02 9.746585e+02 9.728483e+02 9.710382e+02 9.692281e+02 9.674180e+02 9.656079e+02 9.637978e+02 9.619877e+02 9.601776e+02 9.583675e+02 9.565574e+02 9.547472e+02 9.529371e+02 9.511270e+02 9.493169e+02 9.475068e+02
1.000000e+03 9.981899e+02 9.963798e+02 9.945697e+02 9.927596e+02 9.909494e+02 9.891393e+02 9.873292e+02 9.855191e+02 9.837090e+02 9.818989e+02 9.800888e+02 9.782787e+02 9.764686e+02 9.746585e+02 9.728483e+02 9.710382e+02 9.692281e+02 9.674180e+02 9.656079e+02 9.637978e+02 9.619877e+02 9.601776e+02 9.583675e+02 9.565574e+02 9.547472e+02 9.529371e+02 9.511270e+02 9.493169e+02 9.475068e+02
