topographies/flat_[30,30,20][20.0,0.0].asc
ncols 30
nrows 30
xllcorner 0.0
yllcorner 0.0
cellsize 20
nodata_value 0
1.000000e+03 9.924696e+02 9.849392e+02 9.774087e+02 9.698783e+02 9.623479e+02 9.548175e+02 9.472871e+02 9.397567e+02 9.322262e+02 9.246958e+02 9.171654e+02 9.096350e+02 9.021046e+02 8.945741e+02 8.870437e+02 8.795133e+02 8.719829e+02 8.644525e+02 8.569220e+02 8.493916e+02 8.418612e+02 8.343308e+02 8.268004e+02 8.192700e+02 8.117395e+02 8.042091e+02 7.966787e+02 7.891483e+02 7.816179e+02
1.000000e+03 9.924696e+02 9.849392e+02 9.774087e+02 9.698783e+02 9.623479e+02 9.548175e+02 9.472871e+02 9.397567e+02 9.322262e+02 9.246958e+02 9.171654e+02 9.096350e+02 9.021046e+02 8.945741e+02 8.870437e+02 8.795133e+02 8.719829e+02 8.644525e+02 8.569220e+02 8.493916e+02 8.418612e+02 8.343308e+02 8.268004e+02 8.192700e+02 8.117395e+02 8.042091e+02 7.966787e+02 7.891483e+02 7.816179e+02
1.000000e+03 9.924696e+02 9.849392e+02 9.774087e+02 9.698783e+02 9.623479e+02 9.548175e+02 9.472871e+02 9.397567e+02 9.322262e+02 9.246958e+02 9.171654e+02 9.096350e+02 9.021046e+02 8.945741e+02 8.870437e+02 8.795133e+02 8.719829e+02 8.644525e+02 8.569220e+02 8.493916e+02 8.418612e+02 8.343308e+02 8.268004e+02 8.192700e+02 8.117395e+02 8.042091e+02 7.966787e+02 7.891483e+02 7.816179e+02
1.000000e+03 9.924696e+02 9.849392e+02 9.774087e+02 9.698783e+02 9.623479e+02 9.548175e+02 9.472871e+02 9.397567e+02 9.322262e+02 9.246958e+02 9.171654e+02 9.096350e+02 9.021046e+02 8.945741e+02 8.870437e+02 8.795133e+02 8.719829e+02 8.644525e+02 8.569220e+02 8.493916e+02 8.418612e+02 8.343308e+02 8.268004e+02 8.192700e+02 8.117395e+02 8.042091e+02 7.966787e+02 7.891483e+02 7.816179e+02
1.000000e+03 9.924696e+02 9.849392e+02 9.774087e+02 9.698783e+02 9.623479e+02 9.548175e+02 9.472871e+02 9.397567e+02 9.322262e+02 9.246958e+02 9.171654e+02 9.096350e+02 9.021046e+02 8.945741e+02 8.870437e+02 8.795133e+02 8.719829e+02 8.644525e+02 8.569220e+02 8.493916e+02 8.418612e+02 8.343308e+02 8.268004e+02 8.192700e+02 8.117395e+02 8.042091e+02 7.966787e+02 7.891483e+02 7.816179e+02
1.000000e+03 9.924696e+02 9.849392e+02 9.774087e+02 9.698783e+02 9.623479e+02 9.548175e+02 9.472871e+02 9.397567e+02 9.322262e+02 9.246958e+02 9.171654e+02 9.096350e+02 9.021046e+02 8.945741e+02 8.870437e+02 8.795133e+02 8.719829e+02 8.644525e+02 8.569220e+02 8.493916e+02 8.418612e+02 8.343308e+02 8.268004e+02 8.192700e+02 8.117395e+02 8.042091e+02 7.966787e+02 7.891483e+02 7.816179e+02
1.000000e+03 9.924696e+02 9.849392e+02 9.774087e+02 9.698783e+02 9.623479e+02 9.548175e+02 9.472871e+02 9.397567e+02 9.322262e+02 9.246958e+02 9.171654e+02 9.096350e+02 9.021046e+02 8.945741e+02 8.870437e+02 8.795133e+02 8.719829e+02 8.644525e+02 8.569220e+02 8.493916e+02 8.418612e+02 8.343308e+02 8.268004e+02 8.192700e+02 8.117395e+02 8.042091e+02 7.966787e+02 7.891483e+02 7.816179e+02
1.000000e+03 9.924696e+02 9.849392e+02 9.774087e+02 9.698783e+02 9.623479e+02 9.548175e+02 9.472871e+02 9.397567e+02 9.322262e+02 9.246958e+02 9.171654e+02 9.096350e+02 9.021046e+02 8.945741e+02 8.870437e+02 8.795133e+02 8.719829e+02 8.644525e+02 8.569220e+02 8.493916e+02 8.418612e+02 8.343308e+02 8.268004e+02 8.192700e+02 8.117395e+02 8.042091e+02 7.966787e+02 7.891483e+02 7.816179e+02
1.000000e+03 9.924696e+02 9.849392e+02 9.774087e+02 9.698783e+02 9.623479e+02 9.548175e+02 9.472871e+02 9.397567e+02 9.322262e+02 9.246958e+02 9.171654e+02 9.096350e+02 9.021046e+02 8.945741e+02 8.870437e+02 8.795133e+02 8.719829e+02 8.644525e+02 8.569220e+02 8.493916e+02 8.418612e+02 8.343308e+02 8.268004e+02 8.192700e+02 8.117395e+02 8.042091e+02 7.966787e+02 7.891483e+02 7.816179e+02
1.000000e+03 9.924696e+02 9.849392e+02 9.774087e+02 9.698783e+02 9.623479e+02 9.548175e+02 9.472871e+02 9.397567e+02 9.322262e+02 9.246958e+02 9.171654e+02 9.096350e+02 9.021046e+02 8.945741e+02 8.870437e+02 8.795133e+02 8.719829e+02 8.644525e+02 8.569220e+02 8.493916e+02 8.418612e+02 8.343308e+02 8.268004e+02 8.192700e+02 8.117395e+02 8.042091e+02 7.966787e+02 7.891483e+02 7.816179e+02
1.000000e+03 9.924696e+02 9.849392e+02 9.774087e+02 9.698783e+02 9.623479e+02 9.548175e+02 9.472871e+02 9.397567e+02 9.322262e+02 9.246958e+02 9.171654e+02 9.096350e+02 9.021046e+02 8.945741e+02 8.870437e+02 8.795133e+02 8.719829e+02 8.644525e+02 8.569220e+02 8.493916e+02 8.418612e+02 8.343308e+02 8.268004e+02 8.192700e+02 8.117395e+02 8.042091e+02 7.966787e+02 7.891483e+02 7.816179e+02
1.000000e+03 9.924696e+02 9.849392e+02 9.774087e+02 9.698783e+02 9.623479e+02 9.548175e+02 9.472871e+02 9.397567e+02 9.322262e+02 9.246958e+02 9.171654e+02 9.096350e+02 9.021046e+02 8.945741e+02 8.870437e+02 8.795133e+02 8.719829e+02 8.644525e+02 8.569220e+02 8.493916e+02 8.418612e+02 8.343308e+02 8.268004e+02 8.192700e+02 8.117395e+02 8.042091e+02 7.966787e+02 7.891483e+02 7.816179e+02
1.000000e+03 9.924696e+02 9.849392e+02 9.774087e+02 9.698783e+02 9.623479e+02 9.548175e+02 9.472871e+02 9.397567e+02 9.322262e+02 9.246958e+02 9.171654e+02 9.096350e+02 9.021046e+02 8.945741e+02 8.870437e+02 8.795133e+02 8.719829e+02 8.644525e+02 8.569220e+02 8.493916e+02 8.418612e+02 8.343308e+02 8.268004e+02 8.192700e+02 8.117395e+02 8.042091e+02 7.966787e+02 7.891483e+02 7.816179e+02
1.000000e+03 9.924696e+02 9.849392e+02 9.774087e+02 9.698783e+02 9.623479e+02 9.548175e+02 9.472871e+02 9.397567e+02 9.322262e+02 9.246958e+02 9.171654e+02 9.096350e+02 9.021046e+02 8.945741e+02 8.870437e+02 8.795133e+02 8.719829e+02 8.644525e+02 8.569220e+02 8.493916e+02 8.418612e+02 8.343308e+02 8.268004e+02 8.192700e+02 8.117395e+02 8.042091e+02 7.966787e+02 7.891483e+02 7.816179e+02
1.000000e+03 9.924696e+02 9.849392e+02 9.774087e+02 9.698783e+02 9.623479e+02 9.548175e+02 9.472871e+02 9.397567e+02 9.322262e+02 9.246958e+02 9.171654e+02 9.096350e+02 9.021046e+02 8.945741e+02 8.870437e+02 8.795133e+02 8.719829e+02 8.644525e+02 8.569220e+02 8.493916e+02 8.418612e+02 8.343308e+02 8.268004e+02 8.192700e+02 8.117395e+02 8.042091e+02 7.966787e+02 7.891483e+02 7.816179e+02
1.000000e+03 9.924696e+02 9.849392e+02 9.774087e+02 9.698783e+02 9.623479e+02 9.548175e+02 9.472871e+02 9.397567e+02 9.322262e+02 9.246958e+02 9.171654e+02 9.096350e+02 9.021046e+02 8.945741e+02 8.870437e+02 8.795133e+02 8.719829e+02 8.644525e+02 8.569220e+02 8.493916e+02 8.418612e+02 8.343308e+02 8.268004e+02 8.192700e+02 8.117395e+02 8.042091e+02 7.966787e+02 7.891483e+02 7.816179e+02
1.000000e+03 9.924696e+02 9.849392e+02 9.774087e+02 9.698783e+02 9.623479e+02 9.548175e+02 9.472871e+02 9.397567e+02 9.322262e+02 9.246958e+02 9.171654e+02 9.096350e+02 9.021046e+02 8.945741e+02 8.870437e+02 8.795133e+02 8.719829e+02 8.644525e+02 8.569220e+02 8.493916e+02 8.418612e+02 8.343308e+02 8.268004e+02 8.192700e+02 8.117395e+02 8.042091e+02 7.966787e+02 7.891483e+02 7.816179e+02
1.000000e+03 9.924696e+02 9.849392e+02 9.774087e+02 9.698783e+02 9.623479e+02 9.548175e+02 9.472871e+02 9.397567e+02 9.322262e+02 9.246958e+02 9.171654e+02 9.096350e+02 9.021046e+02 8.945741e+02 8.870437e+02 8.795133e+02 8.719829e+02 8.644525e+02 8.569220e+02 8.493916e+02 8.418612e+02 8.343308e+02 8.268004e+02 8.192700e+02 8.117395e+02 8.042091e+02 7.966787e+02 7.891483e+02 7.816179e+02
1.000000e+03 9.924696e+02 9.849392e+02 9.774087e+02 9.698783e+02 9.623479e+02 9.548175e+02 9.472871e+02 9.397567e+02 9.322262e+02 9.246958e+02 9.171654e+02 9.096350e+02 9.021046e+02 8.945741e+02 8.870437e+02 8.795133e+02 8.719829e+02 8.644525e+02 8.569220e+02 8.493916e+02 8.418612e+02 8.343308e+02 8.268004e+02 8.192700e+02 8.117395e+02 8.042091e+02 7.966787e+02 7.891483e+02 7.816179e+02
1.000000e+03 9.924696e+02 9.849392e+02 9.774087e+02 9.698783e+02 9.623479e+02 9.548175e+02 9.472871e+02 9.397567e+02 9.322262e+02 9.246958e+02 9.171654e+02 9.096350e+02 9.021046e+02 8.945741e+02 8.870437e+02 8.795133e+02 8.719829e+02 8.644525e+02 8.569220e+02 8.493916e+02 8.418612e+02 8.343308e+02 8.268004e+02 8.192700e+02 8.117395e+02 8.042091e+02 7.966787e+02 7.891483e+02 7.816179e+02
1.000000e+03 9.924696e+02 9.849392e+02 9.774087e+02 9.698783e+02 9.623479e+02 9.548175e+02 9.472871e+02 9.397567e+02 9.322262e+02 9.246958e+02 9.171654e+02 9.096350e+02 9.021046e+02 8.945741e+02 8.870437e+02 8.795133e+02 8.719829e+02 8.644525e+02 8.569220e+02 8.493916e+02 8.418612e+02 8.343308e+02 8.268004e+02 8.192700e+02 8.117395e+02 8.042091e+02 7.966787e+02 7.891483e+02 7.816179e+02
1.000000e+03 9.924696e+02 9.849392e+02 9.774087e+02 9.698783e+02 9.623479e+02 9.548175e+02 9.472871e+02 9.397567e+02 9.322262e+02 9.246958e+02 9.171654e+02 9.096350e+02 9.021046e+02 8.945741e+02 8.870437e+02 8.795133e+02 8.719829e+02 8.644525e+02 8.569220e+02 8.493916e+02 8.418612e+02 8.343308e+02 8.268004e+02 8.192700e+02 8.117395e+02 8.042091e+02 7.966787e+02 7.891483e+02 7.816179e+02
1.000000e+03 9.924696e+02 9.849392e+02 9.774087e+02 9.698783e+02 9.623479e+02 9.548175e+02 9.472871e+02 9.397567e+02 9.322262e+02 9.246958e+02 9.171654e+02 9.096350e+02 9.021046e+02 8.945741e+02 8.870437e+02 8.795133e+02 8.719829e+02 8.644525e+02 8.569220e+02 8.493916e+02 8.418612e+02 8.343308e+02 8.268004e+02 8.192700e+02 8.117395e+02 8.042091e+02 7.966787e+02 7.891483e+02 7.816179e+02
1.000000e+03 9.924696e+02 9.849392e+02 9.774087e+02 9.698783e+02 9.623479e+02 9.548175e+02 9.472871e+02 9.397567e+02 9.322262e+02 9.246958e+02 9.171654e+02 9.096350e+02 9.021046e+02 8.945741e+02 8.870437e+02 8.795133e+02 8.719829e+02 8.644525e+02 8.569220e+02 8.493916e+02 8.418612e+02 8.343308e+02 8.268004e+02 8.192700e+02 8.117395e+02 8.042091e+02 7.966787e+02 7.891483e+02 7.816179e+02
1.000000e+03 9.924696e+02 9.849392e+02 9.774087e+02 9.698783e+02 9.623479e+02 9.548175e+02 9.472871e+02 9.397567e+02 9.322262e+02 9.246958e+02 9.171654e+02 9.096350e+02 9.021046e+02 8.945741e+02 8.870437e+02 8.795133e+02 8.719829e+02 8.644525e+02 8.569220e+02 8.493916e+02 8.418612e+02 8.343308e+02 8.268004e+02 8.192700e+02 8.117395e+02 8.042091e+02 7.966787e+02 7.891483e+02 7.816179e+02
1.000000e+03 9.924696e+02 9.849392e+02 9.774087e+02 9.698783e+02 9.623479e+02 9.548175e+02 9.472871e+02 9.397567e+02 9.322262e+02 9.246958e+02 9.171654e+02 9.096350e+02 9.021046e+02 8.945741e+02 8.870437e+02 8.795133e+02 8.719829e+02 8.644525e+02 8.569220e+02 8.493916e+02 8.418612e+02 8.343308e+02 8.268004e+02 8.192700e+02 8.117395e+02 8.042091e+02 7.966787e+02 7.891483e+02 7.816179e+02
1.000000e+03 9.924696e+02 9.849392e+02 9.774087e+02 9.698783e+02 9.623479e+02 9.548175e+02 9.472871e+02 9.397567e+02 9.322262e+02 9.246958e+02 9.171654e+02 9.096350e+02 9.021046e+02 8.945741e+02 8.870437e+02 8.795133e+02 8.719829e+02 8.644525e+02 8.569220e+02 8.493916e+02 8.418612e+02 8.343308e+02 8.268004e+02 8.192700e+02 8.117395e+02 8.042091e+02 7.966787e+02 7.891483e+02 7.816179e+02
1.000000e+03 9.924696e+02 9.849392e+02 9.774087e+02 9.698783e+02 9.623479e+02 9.548175e+02 9.472871e+02 9.397567e+02 9.322262e+02 9.246958e+02 9.171654e+02 9.096350e+02 9.021046e+02 8.945741e+02 8.870437e+02 8.795133e+02 8.719829e+02 8.644525e+02 8.569220e+02 8.493916e+02 8.418612e+02 8.343308e+02 8.268004e+02 8.192700e+02 8.117395e+02 8.042091e+02 7.966787e+02 7.891483e+02 7.816179e+02
1.000000e+03 9.924696e+02 9.849392e+02 9.774087e+02 9.698783e+02 9.623479e+02 9.548175e+02 9.472871e+02 9.397567e+02 9.322262e+02 9.246958e+02 9.171654e+02 9.096350e+02 9.021046e+02 8.945741e+02 8.870437e+02 8.795133e+02 8.719829e+02 8.644525e+02 8.569220e+02 8.493916e+02 8.418612e+02 8.343308e+02 8.268004e+02 8.192700e+02 8.117395e+02 8.042091e+02 7.966787e+02 7.891483e+02 7.816179e+02
1.000000e+03 9.924696e+02 9.849392e+02 9.774087e+02 9.698783e+02 9.623479e+02 9.548175e+02 9.472871e+02 9.397567e+02 9.322262e+02 9.246958e+02 9.171654e+02 9.096350e+02 9.021046e+02 8.945741e+02 8.870437e+02 8.795133e+02 8.719829e+02 8.644525e+02 8.569220e+02 8.493916e+02 8.418612e+02 8.343308e+02 8.268004e+02 8.192700e+02 8.117395e+02 8.042091e+02 7.966787e+02 7.891483e+02 7.816179e+02
