topographies/flat_[30,30,20][10.0,0.0].asc
ncols 30
nrows 30
xllcorner 0.0
yllcorner 0.0
cellsize 20
nodata_value 0
1.000000e+03 9.963519e+02 9.927037e+02 9.890556e+02 9.854074e+02 9.817593e+02 9.781111e+02 9.744630e+02 9.708148e+02 9.671667e+02 9.635186e+02 9.598704e+02 9.562223e+02 9.525741e+02 9.489260e+02 9.452778e+02 9.416297e+02 9.379815e+02 9.343334e+02 9.306853e+02 9.270371e+02 9.233890e+02 9.197408e+02 9.160927e+02 9.124445e+02 9.087964e+02 9.051482e+02 9.015001e+02 8.978520e+02 8.942038e+02
1.000000e+03 9.963519e+02 9.927037e+02 9.890556e+02 9.854074e+02 9.817593e+02 9.781111e+02 9.744630e+02 9.708148e+02 9.671667e+02 9.635186e+02 9.598704e+02 9.562223e+02 9.525741e+02 9.489260e+02 9.452778e+02 9.416297e+02 9.379815e+02 9.343334e+02 9.306853e+02 9.270371e+02 9.233890e+02 9.197408e+02 9.160927e+02 9.124445e+02 9.087964e+02 9.051482e+02 9.015001e+02 8.978520e+02 8.942038e+02
1.000000e+03 9.963519e+02 9.927037e+02 9.890556e+02 9.854074e+02 9.817593e+02 9.781111e+02 9.744630e+02 9.708148e+02 9.671667e+02 9.635186e+02 9.598704e+02 9.562223e+02 9.525741e+02 9.489260e+02 9.452778e+02 9.416297e+02 9.379815e+02 9.343334e+02 9.306853e+02 9.270371e+02 9.233890e+02 9.197408e+02 9.160927e+02 9.124445e+02 9.087964e+02 9.051482e+02 9.015001e+02 8.978520e+02 8.942038e+02
1.000000e+03 9.963519e+02 9.927037e+02 9.890556e+02 9.854074e+02 9.817593e+02 9.781111e+02 9.744630e+02 9.708148e+02 9.671667e+02 9.635186e+02 9.598704e+02 9.562223e+02 9.525741e+02 9.489260e+02 9.452778e+02 9.416297e+02 9.379815e+02 9.343334e+02 9.306853e+02 9.270371e+02 9.233890e+02 9.197408e+02 9.160927e+02 9.124445e+02 9.087964e+02 9.051482e+02 9.015001e+02 8.978520e+02 8.942038e+02
1.000000e+03 9.963519e+02 9.927037e+02 9.890556e+02 9.854074e+02 9.817593e+02 9.781111e+02 9.744630e+02 9.708148e+02 9.671667e+02 9.635186e+02 9.598704e+02 9.562223e+02 9.525741e+02 9.489260e+02 9.452778e+02 9.416297e+02 9.379815e+02 9.343334e+02 9.306853e+02 9.270371e+02 9.233890e+02 9.197408e+02 9.160927e+02 9.124445e+02 9.087964e+02 9.051482e+02 9.015001e+02 8.978520e+02 8.942038e+02
1.000000e+03 9.963519e+02 9.927037e+02 9.890556e+02 9.854074e+02 9.817593e+02 9.781111e+02 9.744630e+02 9.708148e+02 9.671667e+02 9.635186e+02 9.598704e+02 9.562223e+02 9.525741e+02 9.489260e+02 9.452778e+02 9.416297e+02 9.379815e+02 9.343334e+02 9.306853e+02 9.270371e+02 9.233890e+02 9.197408e+02 9.160927e+02 9.124445e+02 9.087964e+02 9.051482e+02 9.015001e+02 8.978520e+02 8.942038e+02
1.000000e+03 9.963519e+02 9.927037e+02 9.890556e+02 9.854074e+02 9.817593e+02 9.781111e+02 9.744630e+02 9.708148e+02 9.671667e+02 9.635186e+02 9.598704e+02 9.562223e+02 9.525741e+02 9.489260e+02 9.452778e+02 9.416297e+02 9.379815e+02 9.343334e+02 9.306853e+02 9.270371e+02 9.233890e+02 9.197408e+02 9.160927e+02 9.124445e+02 9.087964e+02 9.051482e+02 9.015001e+02 8.978520e+02 8.942038e+02
1.000000e+03 9.963519e+02 9.927037e+02 9.890556e+02 9.854074e+02 9.817593e+02 9.781111e+02 9.744630e+02 9.708148e+02 9.671667e+02 9.635186e+02 9.598704e+02 9.562223e+02 9.525741e+02 9.489260e+02 9.452778e+02 9.416297e+02 9.379815e+02 9.343334e+02 9.306853e+02 9.270371e+02 9.233890e+02 9.197408e+02 9.160927e+02 9.124445e+02 9.087964e+02 9.051482e+02 9.015001e+02 8.978520e+02 8.942038e+02
1.000000e+03 9.963519e+02 9.927037e+02 9.890556e+02 9.854074e+02 9.817593e+02 9.781111e+02 9.744630e+02 9.708148e+02 9.671667e+02 9.635186e+02 9.598704e+02 9.562223e+02 9.525741e+02 9.489260e+02 9.452778e+02 9.416297e+02 9.379815e+02 9.343334e+02 9.306853e+02 9.270371e+02 9.233890e+02 9.197408e+02 9.160927e+02 9.124445e+02 9.087964e+02 9.051482e+02 9.015001e+02 8.978520e+02 8.942038e+02
1.000000e+03 9.963519e+02 9.927037e+02 9.890556e+02 9.854074e+02 9.817593e+02 9.781111e+02 9.744630e+02 9.708148e+02 9.671667e+02 9.635186e+02 9.598704e+02 9.562223e+02 9.525741e+02 9.489260e+02 9.452778e+02 9.416297e+02 9.379815e+02 9.343334e+02 9.306853e+02 9.270371e+02 9.233890e+02 9.197408e+02 9.160927e+02 9.124445e+02 9.087964e+02 9.051482e+02 9.015001e+02 8.978520e+02 8.942038e+02
1.000000e+03 9.963519e+02 9.927037e+02 9.890556e+02 9.854074e+02 9.817593e+02 9.781111e+02 9.744630e+02 9.708148e+02 9.671667e+02 9.635186e+02 9.598704e+02 9.562223e+02 9.525741e+02 9.489260e+02 9.452778e+02 9.416297e+02 9.379815e+02 9.343334e+02 9.306853e+02 9.270371e+02 9.233890e+02 9.197408e+02 9.160927e+02 9.124445e+02 9.087964e+02 9.051482e+02 9.015001e+02 8.978520e+02 8.942038e+02
1.000000e+03 9.963519e+02 9.927037e+02 9.890556e+02 9.854074e+02 9.817593e+02 9.781111e+02 9.744630e+02 9.708148e+02 9.671667e+02 9.635186e+02 9.598704e+02 9.562223e+02 9.525741e+02 9.489260e+02 9.452778e+02 9.416297e+02 9.379815e+02 9.343334e+02 9.306853e+02 9.270371e+02 9.233890e+02 9.197408e+02 9.160927e+02 9.124445e+02 9.087964e+02 9.051482e+02 9.015001e+02 8.978520e+02 8.942038e+02
1.000000e+03 9.963519e+02 9.927037e+02 9.890556e+02 9.854074e+02 9.817593e+02 9.781111e+02 9.744630e+02 9.708148e+02 9.671667e+02 9.635186e+02 9.598704e+02 9.562223e+02 9.525741e+02 9.489260e+02 9.452778e+02 9.416297e+02 9.379815e+02 9.343334e+02 9.306853e+02 9.270371e+02 9.233890e+02 9.197408e+02 9.160927e+02 9.124445e+02 9.087964e+02 9.051482e+02 9.015001e+02 8.978520e+02 8.942038e+02
1.000000e+03 9.963519e+02 9.927037e+02 9.890556e+02 9.854074e+02 9.817593e+02 9.781111e+02 9.744630e+02 9.708148e+02 9.671667e+02 9.635186e+02 9.598704e+02 9.562223e+02 9.525741e+02 9.489260e+02 9.452778e+02 9.416297e+02 9.379815e+02 9.343334e+02 9.306853e+02 9.270371e+02 9.233890e+02 9.197408e+02 9.160927e+02 9.124445e+02 9.087964e+02 9.051482e+02 9.015001e+02 8.978520e+02 8.942038e+02
1.000000e+03 9.963519e+02 9.927037e+02 9.890556e+02 9.854074e+02 9.817593e+02 9.781111e+02 9.744630e+02 9.708148e+02 9.671667e+02 9.635186e+02 9.598704e+02 9.562223e+02 9.525741e+02 9.489260e+02 9.452778e+02 9.416297e+02 9.379815e+02 9.343334e+02 9.306853e+02 9.270371e+02 9.233890e+02 9.197408e+02 9.160927e+02 9.124445e+02 9.087964e+02 9.051482e+02 9.015001e+02 8.978520e+02 8.942038e+02
1.000000e+03 9.963519e+02 9.927037e+02 9.890556e+02 9.854074e+02 9.817593e+02 9.781111e+02 9.744630e+02 9.708148e+02 9.671667e+02 9.635186e+02 9.598704e+02 9.562223e+02 9.525741e+02 9.489260e+02 9.452778e+02 9.416297e+02 9.379815e+02 9.343334e+02 9.306853e+02 9.270371e+02 9.233890e+02 9.197408e+02 9.160927e+02 9.124445e+02 9.087964e+02 9.051482e+02 9.015001e+02 8.978520e+02 8.942038e+02
1.000000e+03 9.963519e+02 9.927037e+02 9.890556e+02 9.854074e+02 9.817593e+02 9.781111e+02 9.744630e+02 9.708148e+02 9.671667e+02 9.635186e+02 9.598704e+02 9.562223e+02 9.525741e+02 9.489260e+02 9.452778e+02 9.416297e+02 9.379815e+02 9.343334e+02 9.306853e+02 9.270371e+02 9.233890e+02 9.197408e+02 9.160927e+02 9.124445e+02 9.087964e+02 9.051482e+02 9.015001e+02 8.978520e+02 8.942038e+02
1.000000e+03 9.963519e+02 9.927037e+02 9.890556e+02 9.854074e+02 9.817593e+02 9.781111e+02 9.744630e+02 9.708148e+02 9.671667e+02 9.635186e+02 9.598704e+02 9.562223e+02 9.525741e+02 9.489260e+02 9.452778e+02 9.416297e+02 9.379815e+02 9.343334e+02 9.306853e+02 9.270371e+02 9.233890e+02 9.197408e+02 9.160927e+02 9.124445e+02 9.087964e+02 9.051482e+02 9.015001e+02 8.978520e+02 8.942038e+02
1.000000e+03 9.963519e+02 9.927037e+02 9.890556e+02 9.854074e+02 9.817593e+02 9.781111e+02 9.744630e+02 9.708148e+02 9.671667e+02 9.635186e+02 9.598704e+02 9.562223e+02 9.525741e+02 9.489260e+02 9.452778e+02 9.416297e+02 9.379815e+02 9.343334e+02 9.306853e+02 9.270371e+02 9.233890e+02 9.197408e+02 9.160927e+02 9.124445e+02 9.087964e+02 9.051482e+02 9.015001e+02 8.978520e+02 8.942038e+02
1.000000e+03 9.963519e+02 9.927037e+02 9.890556e+02 9.854074e+02 9.817593e+02 9.781111e+02 9.744630e+02 9.708148e+02 9.671667e+02 9.635186e+02 9.598704e+02 9.562223e+02 9.525741e+02 9.489260e+02 9.452778e+02 9.416297e+02 9.379815e+02 9.343334e+02 9.306853e+02 9.270371e+02 9.233890e+02 9.197408e+02 9.160927e+02 9.124445e+02 9.087964e+02 9.051482e+02 9.015001e+02 8.978520e+02 8.942038e+02
1.000000e+03 9.963519e+02 9.927037e+02 9.890556e+02 9.854074e+02 9.817593e+02 9.781111e+02 9.744630e+02 9.708148e+02 9.671667e+02 9.635186e+02 9.598704e+02 9.562223e+02 9.525741e+02 9.489260e+02 9.452778e+02 9.416297e+02 9.379815e+02 9.343334e+02 9.306853e+02 9.270371e+02 9.233890e+02 9.197408e+02 9.160927e+02 9.124445e+02 9.087964e+02 9.051482e+02 9.015001e+02 8.978520e+02 8.942038e+02
1.000000e+03 9.963519e+02 9.927037e+02 9.890556e+02 9.854074e+02 9.817593e+02 9.781111e+02 9.744630e+02 9.708148e+02 9.671667e+02 9.635186e+02 9.598704e+02 9.562223e+02 9.525741e+02 9.489260e+02 9.452778e+02 9.416297e+02 9.379815e+02 9.343334e+02 9.306853e+02 9.270371e+02 9.233890e+02 9.197408e+02 9.160927e+02 9.124445e+02 9.087964e+02 9.051482e+02 9.015001e+02 8.978520e+02 8.942038e+02
1.000000e+03 9.963519e+02 9.927037e+02 9.890556e+02 9.854074e+02 9.817593e+02 9.781111e+02 9.744630e+02 9.708148e+02 9.671667e+02 9.635186e+02 9.598704e+02 9.562223e+02 9.525741e+02 9.489260e+02 9.452778e+02 9.416297e+02 9.379815e+02 9.343334e+02 9.306853e+02 9.270371e+02 9.233890e+02 9.197408e+02 9.160927e+02 9.124445e+02 9.087964e+02 9.051482e+02 9.015001e+02 8.978520e+02 8.942038e+02
1.000000e+03 9.963519e+02 9.927037e+02 9.890556e+02 9.854074e+02 9.817593e+02 9.781111e+02 9.744630e+02 9.708148e+02 9.671667e+02 9.635186e+02 9.598704e+02 9.562223e+02 9.525741e+02 9.489260e+02 9.452778e+02 9.416297e+02 9.379815e+02 9.343334e+02 9.306853e+02 9.270371e+02 9.233890e+02 9.197408e+02 9.160927e+02 9.124445e+02 9.087964e+02 9.051482e+02 9.015001e+02 8.978520e+02 8.942038e+02
1.000000e+03 9.963519e+02 9.927037e+02 9.890556e+02 9.854074e+02 9.817593e+02 9.781111e+02 9.744630e+02 9.708148e+02 9.671667e+02 9.635186e+02 9.598704e+02 9.562223e+02 9.525741e+02 9.489260e+02 9.452778e+02 9.416297e+02 9.379815e+02 9.343334e+02 9.306853e+02 9.270371e+02 9.233890e+02 9.197408e+02 9.160927e+02 9.124445e+02 9.087964e+02 9.051482e+02 9.015001e+02 8.978520e+02 8.942038e+02
1.000000e+03 9.963519e+02 9.927037e+02 9.890556e+02 9.854074e+02 9.817593e+02 9.781111e+02 9.744630e+02 9.708148e+02 9.671667e+02 9.635186e+02 9.598704e+02 9.562223e+02 9.525741e+02 9.489260e+02 9.452778e+02 9.416297e+02 9.379815e+02 9.343334e+02 9.306853e+02 9.270371e+02 9.233890e+02 9.197408e+02 9.160927e+02 9.124445e+02 9.087964e+02 9.051482e+02 9.015001e+02 8.978520e+02 8.942038e+02
1.000000e+03 9.963519e+02 9.927037e+02 9.890556e+02 9.854074e+02 9.817593e+02 9.781111e+02 9.744630e+02 9.708148e+02 9.671667e+02 9.635186e+02 9.598704e+02 9.562223e+02 9.525741e+02 9.489260e+02 9.452778e+02 9.416297e+02 9.379815e+02 9.343334e+02 9.306853e+02 9.270371e+02 9.233890e+02 9.197408e+02 9.160927e+02 9.124445e+02 9.087964e+02 9.051482e+02 9.015001e+02 8.978520e+02 8.942038e+02
1.000000e+03 9.963519e+02 9.927037e+02 9.890556e+02 9.854074e+02 9.817593e+02 9.781111e+02 9.744630e+02 9.708148e+02 9.671667e+02 9.635186e+02 9.598704e+02 9.562223e+02 9.525741e+02 9.489260e+02 9.452778e+02 9.416297e+02 9.379815e+02 9.343334e+02 9.306853e+02 9.270371e+02 9.233890e+02 9.197408e+02 9.160927e+02 9.124445e+02 9.087964e+02 9.051482e+02 9.015001e+02 8.978520e+02 8.942038e+02
1.000000e+03 9.963519e+02 9.927037e+02 9.890556e+02 9.854074e+02 9.817593e+02 9.781111e+02 9.744630e+02 9.708148e+02 9.671667e+02 9.635186e+02 9.598704e+02 9.562223e+02 9.525741e+02 9.489260e+02 9.452778e+02 9.416297e+02 9.379815e+02 9.343334e+02 9.306853e+02 9.270371e+02 9.233890e+02 9.197408e+02 9.160927e+02 9.124445e+02 9.087964e+02 9.051482e+02 9.015001e+02 8.978520e+02 8.942038e+02
1.000000e+03 9.963519e+02 9.927037e+02 9.890556e+02 9.854074e+02 9.817593e+02 9.781111e+02 9.744630e+02 9.708148e+02 9.671667e+02 9.635186e+02 9.598704e+02 9.562223e+02 9.525741e+02 9.489260e+02 9.452778e+02 9.416297e+02 9.379815e+02 9.343334e+02 9.306853e+02 9.270371e+02 9.233890e+02 9.197408e+02 9.160927e+02 9.124445e+02 9.087964e+02 9.051482e+02 9.015001e+02 8.978520e+02 8.942038e+02
