topographies/flat_[30,30,20][1.0,70.0].asc
ncols 30
nrows 30
xllcorner 0.0
yllcorner 0.0
cellsize 20
nodata_value 0
1.000000e+03 9.998765e+02 9.997530e+02 9.996294e+02 9.995059e+02 9.993824e+02 9.992589e+02 9.991354e+02 9.990119e+02 9.988883e+02 9.987648e+02 9.986413e+02 9.985178e+02 9.983943e+02 9.982708e+02 9.981472e+02 9.980237e+02 9.979002e+02 9.977767e+02 9.976532e+02 9.975297e+02 9.974061e+02 9.972826e+02 9.971591e+02 9.970356e+02 9.969121e+02 9.967886e+02 9.966650e+02 9.965415e+02 9.964180e+02
9.996606e+02 9.995371e+02 9.994136e+02 9.992901e+02 9.991666e+02 9.990431e+02 9.989195e+02 9.987960e+02 9.986725e+02 9.985490e+02 9.984255e+02 9.983020e+02 9.981784e+02 9.980549e+02 9.979314e+02 9.978079e+02 9.976844e+02 9.975609e+02 9.974373e+02 9.973138e+02 9.971903e+02 9.970668e+02 9.969433e+02 9.968198e+02 9.966962e+02 9.965727e+02 9.964492e+02 9.963257e+02 9.962022e+02 9.960786e+02
9.993213e+02 9.991978e+02 9.990742e+02 9.989507e+02 9.988272e+02 9.987037e+02 9.985802e+02 9.984567e+02 9.983331e+02 9.982096e+02 9.980861e+02 9.979626e+02 9.978391e+02 9.977156e+02 9.975920e+02 9.974685e+02 9.973450e+02 9.972215e+02 9.970980e+02 9.969745e+02 9.968509e+02 9.967274e+02 9.966039e+02 9.964804e+02 9.963569e+02 9.962334e+02 9.961098e+02 9.959863e+02 9.958628e+02 9.957393e+02
9.989819e+02 9.988584e+02 9.987349e+02 9.986114e+02 9.984879e+02 9.983643e+02 9.982408e+02 9.981173e+02 9.979938e+02 9.978703e+02 9.977468e+02 9.976232e+02 9.974997e+02 9.973762e+02 9.972527e+02 9.971292e+02 9.970056e+02 9.968821e+02 9.967586e+02 9.966351e+02 9.965116e+02 9.963881e+02 9.962645e+02 9.961410e+02 9.960175e+02 9.958940e+02 9.957705e+02 9.956470e+02 9.955234e+02 9.953999e+02
9.986426e+02 9.985190e+02 9.983955e+02 9.982720e+02 9.981485e+02 9.980250e+02 9.979015e+02 9.977779e+02 9.976544e+02 9.975309e+02 9.974074e+02 9.972839e+02 9.971604e+02 9.970368e+02 9.969133e+02 9.967898e+02 9.966663e+02 9.965428e+02 9.964193e+02 9.962957e+02 9.961722e+02 9.960487e+02 9.959252e+02 9.958017e+02 9.956782e+02 9.955546e+02 9.954311e+02 9.953076e+02 9.951841e+02 9.950606e+02
9.983032e+02 9.981797e+02 9.980562e+02 9.979326e+02 9.978091e+02 9.976856e+02 9.975621e+02 9.974386e+02 9.973151e+02 9.971915e+02 9.970680e+02 9.969445e+02 9.968210e+02 9.966975e+02 9.965740e+02 9.964504e+02 9.963269e+02 9.962034e+02 9.960799e+02 9.959564e+02 9.958329e+02 9.957093e+02 9.955858e+02 9.954623e+02 9.953388e+02 9.952153e+02 9.950918e+02 9.949682e+02 9.948447e+02 9.947212e+02
9.979638e+02 9.978403e+02 9.977168e+02 9.975933e+02 9.974698e+02 9.973463e+02 9.972227e+02 9.970992e+02 9.969757e+02 9.968522e+02 9.967287e+02 9.966052e+02 9.964816e+02 9.963581e+02 9.962346e+02 9.961111e+02 9.959876e+02 9.958641e+02 9.957405e+02 9.956170e+02 9.954935e+02 9.953700e+02 9.952465e+02 9.951230e+02 9.949994e+02 9.948759e+02 9.947524e+02 9.946289e+02 9.945054e+02 9.943819e+02
9.976245e+02 9.975010e+02 9.973774e+02 9.972539e+02 9.971304e+02 9.970069e+02 9.968834e+02 9.967599e+02 9.966363e+02 9.965128e+02 9.963893e+02 9.962658e+02 9.961423e+02 9.960188e+02 9.958952e+02 9.957717e+02 9.956482e+02 9.955247e+02 9.954012e+02 9.952777e+02 9.951541e+02 9.950306e+02 9.949071e+02 9.947836e+02 9.946601e+02 9.945366e+02 9.944130e+02 9.942895e+02 9.941660e+02 9.940425e+02
9.972851e+02 9.971616e+02 9.970381e+02 9.969146e+02 9.967911e+02 9.966675e+02 9.965440e+02 9.964205e+02 9.962970e+02 9.961735e+02 9.960500e+02 9.959264e+02 9.958029e+02 9.956794e+02 9.955559e+02 9.954324e+02 9.953089e+02 9.951853e+02 9.950618e+02 9.949383e+02 9.948148e+02 9.946913e+02 9.945677e+02 9.944442e+02 9.943207e+02 9.941972e+02 9.940737e+02 9.939502e+02 9.938266e+02 9.937031e+02
9.969458e+02 9.968222e+02 9.966987e+02 9.965752e+02 9.964517e+02 9.963282e+02 9.962047e+02 9.960811e+02 9.959576e+02 9.958341e+02 9.957106e+02 9.955871e+02 9.954636e+02 9.953400e+02 9.952165e+02 9.950930e+02 9.949695e+02 9.948460e+02 9.947225e+02 9.945989e+02 9.944754e+02 9.943519e+02 9.942284e+02 9.941049e+02 9.939814e+02 9.938578e+02 9.937343e+02 9.936108e+02 9.934873e+02 9.933638e+02
9.966064e+02 9.964829e+02 9.963594e+02 9.962359e+02 9.961123e+02 9.959888e+02 9.958653e+02 9.957418e+02 9.956183e+02 9.954947e+02 9.953712e+02 9.952477e+02 9.951242e+02 9.950007e+02 9.948772e+02 9.947536e+02 9.946301e+02 9.945066e+02 9.943831e+02 9.942596e+02 9.941361e+02 9.940125e+02 9.938890e+02 9.937655e+02 9.936420e+02 9.935185e+02 9.933950e+02 9.932714e+02 9.931479e+02 9.930244e+02
9.962670e+02 9.961435e+02 9.960200e+02 9.958965e+02 9.957730e+02 9.956495e+02 9.955259e+02 9.954024e+02 9.952789e+02 9.951554e+02 9.950319e+02 9.949084e+02 9.947848e+02 9.946613e+02 9.945378e+02 9.944143e+02 9.942908e+02 9.941673e+02 9.940437e+02 9.939202e+02 9.937967e+02 9.936732e+02 9.935497e+02 9.934262e+02 9.933026e+02 9.931791e+02 9.930556e+02 9.929321e+02 9.928086e+02 9.926851e+02
9.959277e+02 9.958042e+02 9.956806e+02 9.955571e+02 9.954336e+02 9.953101e+02 9.951866e+02 9.950631e+02 9.949395e+02 9.948160e+02 9.946925e+02 9.945690e+02 9.944455e+02 9.943220e+02 9.941984e+02 9.940749e+02 9.939514e+02 9.938279e+02 9.937044e+02 9.935809e+02 9.934573e+02 9.933338e+02 9.932103e+02 9.930868e+02 9.929633e+02 9.928398e+02 9.927162e+02 9.925927e+02 9.924692e+02 9.923457e+02
9.955883e+02 9.954648e+02 9.953413e+02 9.952178e+02 9.950943e+02 9.949707e+02 9.948472e+02 9.947237e+02 9.946002e+02 9.944767e+02 9.943532e+02 9.942296e+02 9.941061e+02 9.939826e+02 9.938591e+02 9.937356e+02 9.936121e+02 9.934885e+02 9.933650e+02 9.932415e+02 9.931180e+02 9.929945e+02 9.928709e+02 9.927474e+02 9.926239e+02 9.925004e+02 9.923769e+02 9.922534e+02 9.921298e+02 9.920063e+02
9.952490e+02 9.951254e+02 9.950019e+02 9.948784e+02 9.947549e+02 9.946314e+02 9.945079e+02 9.943843e+02 9.942608e+02 9.941373e+02 9.940138e+02 9.938903e+02 9.937668e+02 9.936432e+02 9.935197e+02 9.933962e+02 9.932727e+02 9.931492e+02 9.930257e+02 9.929021e+02 9.927786e+02 9.926551e+02 9.925316e+02 9.924081e+02 9.922846e+02 9.921610e+02 9.920375e+02 9.919140e+02 9.917905e+02 9.916670e+02
9.949096e+02 9.947861e+02 9.946626e+02 9.945391e+02 9.944155e+02 9.942920e+02 9.941685e+02 9.940450e+02 9.939215e+02 9.937979e+02 9.936744e+02 9.935509e+02 9.934274e+02 9.933039e+02 9.931804e+02 9.930568e+02 9.929333e+02 9.928098e+02 9.926863e+02 9.925628e+02 9.924393e+02 9.923157e+02 9.921922e+02 9.920687e+02 9.919452e+02 9.918217e+02 9.916982e+02 9.915746e+02 9.914511e+02 9.913276e+02
9.945702e+02 9.944467e+02 9.943232e+02 9.941997e+02 9.940762e+02 9.939527e+02 9.938291e+02 9.937056e+02 9.935821e+02 9.934586e+02 9.933351e+02 9.932116e+02 9.930880e+02 9.929645e+02 9.928410e+02 9.927175e+02 9.925940e+02 9.924705e+02 9.923469e+02 9.922234e+02 9.920999e+02 9.919764e+02 9.918529e+02 9.917294e+02 9.916058e+02 9.914823e+02 9.913588e+02 9.912353e+02 9.911118e+02 9.909883e+02
9.942309e+02 9.941074e+02 9.939838e+02 9.938603e+02 9.937368e+02 9.936133e+02 9.934898e+02 9.933663e+02 9.932427e+02 9.931192e+02 9.929957e+02 9.928722e+02 9.927487e+02 9.926252e+02 9.925016e+02 9.923781e+02 9.922546e+02 9.921311e+02 9.920076e+02 9.918841e+02 9.917605e+02 9.916370e+02 9.915135e+02 9.913900e+02 9.912665e+02 9.911430e+02 9.910194e+02 9.908959e+02 9.907724e+02 9.906489e+02
9.938915e+02 9.937680e+02 9.936445e+02 9.935210e+02 9.933975e+02 9.932739e+02 9.931504e+02 9.930269e+02 9.929034e+02 9.927799e+02 9.926564e+02 9.925328e+02 9.924093e+02 9.922858e+02 9.921623e+02 9.920388e+02 9.919153e+02 9.917917e+02 9.916682e+02 9.915447e+02 9.914212e+02 9.912977e+02 9.911741e+02 9.910506e+02 9.909271e+02 9.908036e+02 9.906801e+02 9.905566e+02 9.904330e+02 9.903095e+02
9.935522e+02 9.934286e+02 9.933051e+02 9.931816e+02 9.930581e+02 9.929346e+02 9.928111e+02 9.926875e+02 9.925640e+02 9.924405e+02 9.923170e+02 9.921935e+02 9.920700e+02 9.919464e+02 9.918229e+02 9.916994e+02 9.915759e+02 9.914524e+02 9.913289e+02 9.912053e+02 9.910818e+02 9.909583e+02 9.908348e+02 9.907113e+02 9.905878e+02 9.904642e+02 9.903407e+02 9.902172e+02 9.900937e+02 9.899702e+02
9.932128e+02 9.930893e+02 9.929658e+02 9.928423e+02 9.927187e+02 9.925952e+02 9.924717e+02 9.923482e+02 9.922247e+02 9.921011e+02 9.919776e+02 9.918541e+02 9.917306e+02 9.916071e+02 9.914836e+02 9.913600e+02 9.912365e+02 9.911130e+02 9.909895e+02 9.908660e+02 9.907425e+02 9.906189e+02 9.904954e+02 9.903719e+02 9.902484e+02 9.901249e+02 9.900014e+02 9.898778e+02 9.897543e+02 9.896308e+02
9.928734e+02 9.927499e+02 9.926264e+02 9.925029e+02 9.923794e+02 9.922559e+02 9.921323e+02 9.920088e+02 9.918853e+02 9.917618e+02 9.916383e+02 9.915148e+02 9.913912e+02 9.912677e+02 9.911442e+02 9.910207e+02 9.908972e+02 9.907737e+02 9.906501e+02 9.905266e+02 9.904031e+02 9.902796e+02 9.901561e+02 9.900326e+02 9.899090e+02 9.897855e+02 9.896620e+02 9.895385e+02 9.894150e+02 9.892915e+02
9.925341e+02 9.924106e+02 9.922870e+02 9.921635e+02 9.920400e+02 9.919165e+02 9.917930e+02 9.916695e+02 9.915459e+02 9.914224e+02 9.912989e+02 9.911754e+02 9.910519e+02 9.909284e+02 9.908048e+02 9.906813e+02 9.905578e+02 9.904343e+02 9.903108e+02 9.901873e+02 9.900637e+02 9.899402e+02 9.898167e+02 9.896932e+02 9.895697e+02 9.894462e+02 9.893226e+02 9.891991e+02 9.890756e+02 9.889521e+02
9.921947e+02 9.920712e+02 9.919477e+02 9.918242e+02 9.917007e+02 9.915771e+02 9.914536e+02 9.913301e+02 9.912066e+02 9.910831e+02 9.909596e+02 9.908360e+02 9.907125e+02 9.905890e+02 9.904655e+02 9.903420e+02 9.902185e+02 9.900949e+02 9.899714e+02 9.898479e+02 9.897244e+02 9.896009e+02 9.894774e+02 9.893538e+02 9.892303e+02 9.891068e+02 9.889833e+02 9.888598e+02 9.887362e+02 9.886127e+02
9.918554e+02 9.917318e+02 9.916083e+02 9.914848e+02 9.913613e+02 9.912378e+02 9.911143e+02 9.909907e+02 9.908672e+02 9.907437e+02 9.906202e+02 9.904967e+02 9.903732e+02 9.902496e+02 9.901261e+02 9.900026e+02 9.898791e+02 9.897556e+02 9.896321e+02 9.895085e+02 9.893850e+02 9.892615e+02 9.891380e+02 9.890145e+02 9.888910e+02 9.887674e+02 9.886439e+02 9.885204e+02 9.883969e+02 9.882734e+02
9.915160e+02 9.913925e+02 9.912690e+02 9.911455e+02 9.910219e+02 9.908984e+02 9.907749e+02 9.906514e+02 9.905279e+02 9.904044e+02 9.902808e+02 9.901573e+02 9.900338e+02 9.899103e+02 9.897868e+02 9.896632e+02 9.895397e+02 9.894162e+02 9.892927e+02 9.891692e+02 9.890457e+02 9.889221e+02 9.887986e+02 9.886751e+02 9.885516e+02 9.884281e+02 9.883046e+02 9.881810e+02 9.880575e+02 9.879340e+02
9.911766e+02 9.910531e+02 9.909296e+02 9.908061e+02 9.906826e+02 9.905591e+02 9.904355e+02 9.903120e+02 9.901885e+02 9.900650e+02 9.899415e+02 9.898180e+02 9.896944e+02 9.895709e+02 9.894474e+02 9.893239e+02 9.892004e+02 9.890769e+02 9.889533e+02 9.888298e+02 9.887063e+02 9.885828e+02 9.884593e+02 9.883358e+02 9.882122e+02 9.880887e+02 9.879652e+02 9.878417e+02 9.877182e+02 9.875947e+02
9.908373e+02 9.907138e+02 9.905902e+02 9.904667e+02 9.903432e+02 9.902197e+02 9.900962e+02 9.899727e+02 9.898491e+02 9.897256e+02 9.896021e+02 9.894786e+02 9.893551e+02 9.892316e+02 9.891080e+02 9.889845e+02 9.888610e+02 9.887375e+02 9.886140e+02 9.884905e+02 9.883669e+02 9.882434e+02 9.881199e+02 9.879964e+02 9.878729e+02 9.877494e+02 9.876258e+02 9.875023e+02 9.873788e+02 9.872553e+02
9.904979e+02 9.903744e+02 9.902509e+02 9.901274e+02 9.900039e+02 9.898803e+02 9.897568e+02 9.896333e+02 9.895098e+02 9.893863e+02 9.892628e+02 9.891392e+02 9.890157e+02 9.888922e+02 9.887687e+02 9.886452e+02 9.885217e+02 9.883981e+02 9.882746e+02 9.881511e+02 9.880276e+02 9.879041e+02 9.877806e+02 9.876570e+02 9.875335e+02 9.874100e+02 9.872865e+02 9.871630e+02 9.870394e+02 9.869159e+02
9.901586e+02 9.900350e+02 9.899115e+02 9.897880e+02 9.896645e+02 9.895410e+02 9.894175e+02 9.892939e+02 9.891704e+02 9.890469e+02 9.889234e+02 9.887999e+02 9.886764e+02 9.885528e+02 9.884293e+02 9.883058e+02 9.881823e+02 9.880588e+02 9.879353e+02 9.878117e+02 9.876882e+02 9.875647e+02 9.874412e+02 9.873177e+02 9.871942e+02 9.870706e+02 9.869471e+02 9.868236e+02 9.867001e+02 9.865766e+02
