topographies/flat_[30,30,20][0.1,70.0].asc
ncols 30
nrows 30
xllcorner 0.0
yllcorner 0.0
cellsize 20
nodata_value 0
1.000000e+03 9.999876e+02 9.999753e+02 9.999629e+02 9.999506e+02 9.999382e+02 9.999259e+02 9.999135e+02 9.999012e+02 9.998888e+02 9.998765e+02 9.998641e+02 9.998518e+02 9.998394e+02 9.998271e+02 9.998147e+02 9.998024e+02 9.997900e+02 9.997777e+02 9.997653e+02 9.997530e+02 9.997406e+02 9.997283e+02 9.997159e+02 9.997036e+02 9.996912e+02 9.996789e+02 9.996665e+02 9.996542e+02 9.996418e+02
9.999661e+02 9.999537e+02 9.999414e+02 9.999290e+02 9.999167e+02 9.999043e+02 9.998920e+02 9.998796e+02 9.998673e+02 9.998549e+02 9.998426e+02 9.998302e+02 9.998179e+02 9.998055e+02 9.997932e+02 9.997808e+02 9.997685e+02 9.997561e+02 9.997438e+02 9.997314e+02 9.997191e+02 9.997067e+02 9.996944e+02 9.996820e+02 9.996697e+02 9.996573e+02 9.996450e+02 9.996326e+02 9.996203e+02 9.996079e+02
9.999321e+02 9.999198e+02 9.999074e+02 9.998951e+02 9.998827e+02 9.998704e+02 9.998580e+02 9.998457e+02 9.998333e+02 9.998210e+02 9.998086e+02 9.997963e+02 9.997839e+02 9.997716e+02 9.997592e+02 9.997469e+02 9.997345e+02 9.997222e+02 9.997098e+02 9.996975e+02 9.996851e+02 9.996728e+02 9.996604e+02 9.996481e+02 9.996357e+02 9.996234e+02 9.996110e+02 9.995987e+02 9.995863e+02 9.995740e+02
9.998982e+02 9.998859e+02 9.998735e+02 9.998612e+02 9.998488e+02 9.998365e+02 9.998241e+02 9.998117e+02 9.997994e+02 9.997870e+02 9.997747e+02 9.997623e+02 9.997500e+02 9.997376e+02 9.997253e+02 9.997129e+02 9.997006e+02 9.996882e+02 9.996759e+02 9.996635e+02 9.996512e+02 9.996388e+02 9.996265e+02 9.996141e+02 9.996018e+02 9.995894e+02 9.995771e+02 9.995647e+02 9.995524e+02 9.995400e+02
9.998643e+02 9.998519e+02 9.998396e+02 9.998272e+02 9.998149e+02 9.998025e+02 9.997902e+02 9.997778e+02 9.997655e+02 9.997531e+02 9.997408e+02 9.997284e+02 9.997161e+02 9.997037e+02 9.996914e+02 9.996790e+02 9.996667e+02 9.996543e+02 9.996420e+02 9.996296e+02 9.996173e+02 9.996049e+02 9.995926e+02 9.995802e+02 9.995679e+02 9.995555e+02 9.995432e+02 9.995308e+02 9.995185e+02 9.995061e+02
9.998303e+02 9.998180e+02 9.998056e+02 9.997933e+02 9.997809e+02 9.997686e+02 9.997562e+02 9.997439e+02 9.997315e+02 9.997192e+02 9.997068e+02 9.996945e+02 9.996821e+02 9.996698e+02 9.996574e+02 9.996451e+02 9.996327e+02 9.996204e+02 9.996080e+02 9.995957e+02 9.995833e+02 9.995710e+02 9.995586e+02 9.995463e+02 9.995339e+02 9.995216e+02 9.995092e+02 9.994969e+02 9.994845e+02 9.994722e+02
9.997964e+02 9.997841e+02 9.997717e+02 9.997594e+02 9.997470e+02 9.997347e+02 9.997223e+02 9.997100e+02 9.996976e+02 9.996853e+02 9.996729e+02 9.996605e+02 9.996482e+02 9.996358e+02 9.996235e+02 9.996111e+02 9.995988e+02 9.995864e+02 9.995741e+02 9.995617e+02 9.995494e+02 9.995370e+02 9.995247e+02 9.995123e+02 9.995000e+02 9.994876e+02 9.994753e+02 9.994629e+02 9.994506e+02 9.994382e+02
9.997625e+02 9.997501e+02 9.997378e+02 9.997254e+02 9.997131e+02 9.997007e+02 9.996884e+02 9.996760e+02 9.996637e+02 9.996513e+02 9.996390e+02 9.996266e+02 9.996143e+02 9.996019e+02 9.995896e+02 9.995772e+02 9.995649e+02 9.995525e+02 9.995402e+02 9.995278e+02 9.995155e+02 9.995031e+02 9.994908e+02 9.994784e+02 9.994661e+02 9.994537e+02 9.994414e+02 9.994290e+02 9.994167e+02 9.994043e+02
9.997285e+02 9.997162e+02 9.997038e+02 9.996915e+02 9.996791e+02 9.996668e+02 9.996544e+02 9.996421e+02 9.996297e+02 9.996174e+02 9.996050e+02 9.995927e+02 9.995803e+02 9.995680e+02 9.995556e+02 9.995433e+02 9.995309e+02 9.995186e+02 9.995062e+02 9.994939e+02 9.994815e+02 9.994692e+02 9.994568e+02 9.994445e+02 9.994321e+02 9.994198e+02 9.994074e+02 9.993951e+02 9.993827e+02 9.993704e+02
9.996946e+02 9.996823e+02 9.996699e+02 9.996576e+02 9.996452e+02 9.996329e+02 9.996205e+02 9.996082e+02 9.995958e+02 9.995835e+02 9.995711e+02 9.995588e+02 9.995464e+02 9.995341e+02 9.995217e+02 9.995094e+02 9.994970e+02 9.994846e+02 9.994723e+02 9.994599e+02 9.994476e+02 9.994352e+02 9.994229e+02 9.994105e+02 9.993982e+02 9.993858e+02 9.993735e+02 9.993611e+02 9.993488e+02 9.993364e+02
9.996607e+02 9.996483e+02 9.996360e+02 9.996236e+02 9.996113e+02 9.995989e+02 9.995866e+02 9.995742e+02 9.995619e+02 9.995495e+02 9.995372e+02 9.995248e+02 9.995125e+02 9.995001e+02 9.994878e+02 9.994754e+02 9.994631e+02 9.994507e+02 9.994384e+02 9.994260e+02 9.994137e+02 9.994013e+02 9.993890e+02 9.993766e+02 9.993643e+02 9.993519e+02 9.993396e+02 9.993272e+02 9.993149e+02 9.993025e+02
9.996267e+02 9.996144e+02 9.996020e+02 9.995897e+02 9.995773e+02 9.995650e+02 9.995526e+02 9.995403e+02 9.995279e+02 9.995156e+02 9.995032e+02 9.994909e+02 9.994785e+02 9.994662e+02 9.994538e+02 9.994415e+02 9.994291e+02 9.994168e+02 9.994044e+02 9.993921e+02 9.993797e+02 9.993674e+02 9.993550e+02 9.993427e+02 9.993303e+02 9.993180e+02 9.993056e+02 9.992933e+02 9.992809e+02 9.992686e+02
9.995928e+02 9.995805e+02 9.995681e+02 9.995558e+02 9.995434e+02 9.995311e+02 9.995187e+02 9.995064e+02 9.994940e+02 9.994817e+02 9.994693e+02 9.994570e+02 9.994446e+02 9.994323e+02 9.994199e+02 9.994076e+02 9.993952e+02 9.993829e+02 9.993705e+02 9.993582e+02 9.993458e+02 9.993334e+02 9.993211e+02 9.993087e+02 9.992964e+02 9.992840e+02 9.992717e+02 9.992593e+02 9.992470e+02 9.992346e+02
9.995589e+02 9.995465e+02 9.995342e+02 9.995218e+02 9.995095e+02 9.994971e+02 9.994848e+02 9.994724e+02 9.994601e+02 9.994477e+02 9.994354e+02 9.994230e+02 9.994107e+02 9.993983e+02 9.993860e+02 9.993736e+02 9.993613e+02 9.993489e+02 9.993366e+02 9.993242e+02 9.993119e+02 9.992995e+02 9.992872e+02 9.992748e+02 9.992625e+02 9.992501e+02 9.992378e+02 9.992254e+02 9.992131e+02 9.992007e+02
9.995249e+02 9.995126e+02 9.995002e+02 9.994879e+02 9.994755e+02 9.994632e+02 9.994508e+02 9.994385e+02 9.994261e+02 9.994138e+02 9.994014e+02 9.993891e+02 9.993767e+02 9.993644e+02 9.993520e+02 9.993397e+02 9.993273e+02 9.993150e+02 9.993026e+02 9.992903e+02 9.992779e+02 9.992656e+02 9.992532e+02 9.992409e+02 9.992285e+02 9.992162e+02 9.992038e+02 9.991915e+02 9.991791e+02 9.991668e+02
9.994910e+02 9.994787e+02 9.994663e+02 9.994540e+02 9.994416e+02 9.994293e+02 9.994169e+02 9.994046e+02 9.993922e+02 9.993799e+02 9.993675e+02 9.993552e+02 9.993428e+02 9.993305e+02 9.993181e+02 9.993058e+02 9.992934e+02 9.992811e+02 9.992687e+02 9.992564e+02 9.992440e+02 9.992317e+02 9.992193e+02 9.992070e+02 9.991946e+02 9.991823e+02 9.991699e+02 9.991575e+02 9.991452e+02 9.991328e+02
9.994571e+02 9.994447e+02 9.994324e+02 9.994200e+02 9.994077e+02 9.993953e+02 9.993830e+02 9.993706e+02 9.993583e+02 9.993459e+02 9.993336e+02 9.993212e+02 9.993089e+02 9.992965e+02 9.992842e+02 9.992718e+02 9.992595e+02 9.992471e+02 9.992348e+02 9.992224e+02 9.992101e+02 9.991977e+02 9.991854e+02 9.991730e+02 9.991607e+02 9.991483e+02 9.991360e+02 9.991236e+02 9.991113e+02 9.990989e+02
9.994231e+02 9.994108e+02 9.993984e+02 9.993861e+02 9.993737e+02 9.993614e+02 9.993490e+02 9.993367e+02 9.993243e+02 9.993120e+02 9.992996e+02 9.992873e+02 9.992749e+02 9.992626e+02 9.992502e+02 9.992379e+02 9.992255e+02 9.992132e+02 9.992008e+02 9.991885e+02 9.991761e+02 9.991638e+02 9.991514e+02 9.991391e+02 9.991267e+02 9.991144e+02 9.991020e+02 9.990897e+02 9.990773e+02 9.990650e+02
9.993892e+02 9.993769e+02 9.993645e+02 9.993522e+02 9.993398e+02 9.993275e+02 9.993151e+02 9.993028e+02 9.992904e+02 9.992781e+02 9.992657e+02 9.992534e+02 9.992410e+02 9.992287e+02 9.992163e+02 9.992040e+02 9.991916e+02 9.991793e+02 9.991669e+02 9.991546e+02 9.991422e+02 9.991299e+02 9.991175e+02 9.991052e+02 9.990928e+02 9.990805e+02 9.990681e+02 9.990558e+02 9.990434e+02 9.990311e+02
9.993553e+02 9.993429e+02 9.993306e+02 9.993182e+02 9.993059e+02 9.992935e+02 9.992812e+02 9.992688e+02 9.992565e+02 9.992441e+02 9.992318e+02 9.992194e+02 9.992071e+02 9.991947e+02 9.991824e+02 9.991700e+02 9.991577e+02 9.991453e+02 9.991330e+02 9.991206e+02 9.991083e+02 9.990959e+02 9.990836e+02 9.990712e+02 9.990589e+02 9.990465e+02 9.990342e+02 9.990218e+02 9.990095e+02 9.989971e+02
9.993213e+02 9.993090e+02 9.992966e+02 9.992843e+02 9.992719e+02 9.992596e+02 9.992472e+02 9.992349e+02 9.992225e+02 9.992102e+02 9.991978e+02 9.991855e+02 9.991731e+02 9.991608e+02 9.991484e+02 9.991361e+02 9.991237e+02 9.991114e+02 9.990990e+02 9.990867e+02 9.990743e+02 9.990620e+02 9.990496e+02 9.990373e+02 9.990249e+02 9.990126e+02 9.990002e+02 9.989879e+02 9.989755e+02 9.989632e+02
9.992874e+02 9.992751e+02 9.992627e+02 9.992504e+02 9.992380e+02 9.992257e+02 9.992133e+02 9.992010e+02 9.991886e+02 9.991763e+02 9.991639e+02 9.991516e+02 9.991392e+02 9.991269e+02 9.991145e+02 9.991022e+02 9.990898e+02 9.990775e+02 9.990651e+02 9.990528e+02 9.990404e+02 9.990281e+02 9.990157e+02 9.990034e+02 9.989910e+02 9.989787e+02 9.989663e+02 9.989540e+02 9.989416e+02 9.989293e+02
9.992535e+02 9.992411e+02 9.992288e+02 9.992164e+02 9.992041e+02 9.991917e+02 9.991794e+02 9.991670e+02 9.991547e+02 9.991423e+02 9.991300e+02 9.991176e+02 9.991053e+02 9.990929e+02 9.990806e+02 9.990682e+02 9.990559e+02 9.990435e+02 9.990312e+02 9.990188e+02 9.990065e+02 9.989941e+02 9.989818e+02 9.989694e+02 9.989571e+02 9.989447e+02 9.989324e+02 9.989200e+02 9.989077e+02 9.988953e+02
9.992196e+02 9.992072e+02 9.991948e+02 9.991825e+02 9.991701e+02 9.991578e+02 9.991454e+02 9.991331e+02 9.991207e+02 9.991084e+02 9.990960e+02 9.990837e+02 9.990713e+02 9.990590e+02 9.990466e+02 9.990343e+02 9.990219e+02 9.990096e+02 9.989972e+02 9.989849e+02 9.989725e+02 9.989602e+02 9.989478e+02 9.989355e+02 9.989231e+02 9.989108e+02 9.988984e+02 9.988861e+02 9.988737e+02 9.988614e+02
9.991856e+02 9.991733e+02 9.991609e+02 9.991486e+02 9.991362e+02 9.991239e+02 9.991115e+02 9.990992e+02 9.990868e+02 9.990745e+02 9.990621e+02 9.990498e+02 9.990374e+02 9.990251e+02 9.990127e+02 9.990004e+02 9.989880e+02 9.989757e+02 9.989633e+02 9.989510e+02 9.989386e+02 9.989263e+02 9.989139e+02 9.989016e+02 9.988892e+02 9.988769e+02 9.988645e+02 9.988522e+02 9.988398e+02 9.988275e+02
9.991517e+02 9.991393e+02 9.991270e+02 9.991146e+02 9.991023e+02 9.990899e+02 9.990776e+02 9.990652e+02 9.990529e+02 9.990405e+02 9.990282e+02 9.990158e+02 9.990035e+02 9.989911e+02 9.989788e+02 9.989664e+02 9.989541e+02 9.989417e+02 9.989294e+02 9.989170e+02 9.989047e+02 9.988923e+02 9.988800e+02 9.988676e+02 9.988553e+02 9.988429e+02 9.988306e+02 9.988182e+02 9.988059e+02 9.987935e+02
9.991178e+02 9.991054e+02 9.990931e+02 9.990807e+02 9.990684e+02 9.990560e+02 9.990437e+02 9.990313e+02 9.990189e+02 9.990066e+02 9.989942e+02 9.989819e+02 9.989695e+02 9.989572e+02 9.989448e+02 9.989325e+02 9.989201e+02 9.989078e+02 9.988954e+02 9.988831e+02 9.988707e+02 9.988584e+02 9.988460e+02 9.988337e+02 9.988213e+02 9.988090e+02 9.987966e+02 9.987843e+02 9.987719e+02 9.987596e+02
9.990838e+02 9.990715e+02 9.990591e+02 9.990468e+02 9.990344e+02 9.990221e+02 9.990097e+02 9.989974e+02 9.989850e+02 9.989727e+02 9.989603e+02 9.989480e+02 9.989356e+02 9.989233e+02 9.989109e+02 9.988986e+02 9.988862e+02 9.988739e+02 9.988615e+02 9.988492e+02 9.988368e+02 9.988245e+02 9.988121e+02 9.987998e+02 9.987874e+02 9.987751e+02 9.987627e+02 9.987504e+02 9.987380e+02 9.987257e+02
9.990499e+02 9.990375e+02 9.990252e+02 9.990128e+02 9.990005e+02 9.989881e+02 9.989758e+02 9.989634e+02 9.989511e+02 9.989387e+02 9.989264e+02 9.989140e+02 9.989017e+02 9.988893e+02 9.988770e+02 9.988646e+02 9.988523e+02 9.988399e+02 9.988276e+02 9.988152e+02 9.988029e+02 9.987905e+02 9.987782e+02 9.987658e+02 9.987535e+02 9.987411e+02 9.987288e+02 9.987164e+02 9.987041e+02 9.986917e+02
9.990160e+02 9.990036e+02 9.989913e+02 9.989789e+02 9.989666e+02 9.989542e+02 9.989419e+02 9.989295e+02 9.989172e+02 9.989048e+02 9.988925e+02 9.988801e+02 9.988677e+02 9.988554e+02 9.988430e+02 9.988307e+02 9.988183e+02 9.988060e+02 9.987936e+02 9.987813e+02 9.987689e+02 9.987566e+02 9.987442e+02 9.987319e+02 9.987195e+02 9.987072e+02 9.986948e+02 9.986825e+02 9.986701e+02 9.986578e+02
