topographies/flat_[30,30,20][30.0,0.0].asc
ncols 30
nrows 30
xllcorner 0.0
yllcorner 0.0
cellsize 20
nodata_value 0
1.000000e+03 9.880548e+02 9.761096e+02 9.641645e+02 9.522193e+02 9.402741e+02 9.283289e+02 9.163838e+02 9.044386e+02 8.924934e+02 8.805482e+02 8.686030e+02 8.566579e+02 8.447127e+02 8.327675e+02 8.208223e+02 8.088772e+02 7.969320e+02 7.849868e+02 7.730416e+02 7.610964e+02 7.491513e+02 7.372061e+02 7.252609e+02 7.133157e+02 7.013706e+02 6.894254e+02 6.774802e+02 6.655350e+02 6.535898e+02
1.000000e+03 9.880548e+02 9.761096e+02 9.641645e+02 9.522193e+02 9.402741e+02 9.283289e+02 9.163838e+02 9.044386e+02 8.924934e+02 8.805482e+02 8.686030e+02 8.566579e+02 8.447127e+02 8.327675e+02 8.208223e+02 8.088772e+02 7.969320e+02 7.849868e+02 7.730416e+02 7.610964e+02 7.491513e+02 7.372061e+02 7.252609e+02 7.133157e+02 7.013706e+02 6.894254e+02 6.774802e+02 6.655350e+02 6.535898e+02
1.000000e+03 9.880548e+02 9.761096e+02 9.641645e+02 9.522193e+02 9.402741e+02 9.283289e+02 9.163838e+02 9.044386e+02 8.924934e+02 8.805482e+02 8.686030e+02 8.566579e+02 8.447127e+02 8.327675e+02 8.208223e+02 8.088772e+02 7.969320e+02 7.849868e+02 7.730416e+02 7.610964e+02 7.491513e+02 7.372061e+02 7.252609e+02 7.133157e+02 7.013706e+02 6.894254e+02 6.774802e+02 6.655350e+02 6.535898e+02
1.000000e+03 9.880548e+02 9.761096e+02 9.641645e+02 9.522193e+02 9.402741e+02 9.283289e+02 9.163838e+02 9.044386e+02 8.924934e+02 8.805482e+02 8.686030e+02 8.566579e+02 8.447127e+02 8.327675e+02 8.208223e+02 8.088772e+02 7.969320e+02 7.849868e+02 7.730416e+02 7.610964e+02 7.491513e+02 7.372061e+02 7.252609e+02 7.133157e+02 7.013706e+02 6.894254e+02 6.774802e+02 6.655350e+02 6.535898e+02
1.000000e+03 9.880548e+02 9.761096e+02 9.641645e+02 9.522193e+02 9.402741e+02 9.283289e+02 9.163838e+02 9.044386e+02 8.924934e+02 8.805482e+02 8.686030e+02 8.566579e+02 8.447127e+02 8.327675e+02 8.208223e+02 8.088772e+02 7.969320e+02 7.849868e+02 7.730416e+02 7.610964e+02 7.491513e+02 7.372061e+02 7.252609e+02 7.133157e+02 7.013706e+02 6.894254e+02 6.774802e+02 6.655350e+02 6.535898e+02
1.000000e+03 9.880548e+02 9.761096e+02 9.641645e+02 9.522193e+02 9.402741e+02 9.283289e+02 9.163838e+02 9.044386e+02 8.924934e+02 8.805482e+02 8.686030e+02 8.566579e+02 8.447127e+02 8.327675e+02 8.208223e+02 8.088772e+02 7.969320e+02 7.849868e+02 7.730416e+02 7.610964e+02 7.491513e+02 7.372061e+02 7.252609e+02 7.133157e+02 7.013706e+02 6.894254e+02 6.774802e+02 6.655350e+02 6.535898e+02
1.000000e+03 9.880548e+02 9.761096e+02 9.641645e+02 9.522193e+02 9.402741e+02 9.283289e+02 9.163838e+02 9.044386e+02 8.924934e+02 8.805482e+02 8.686030e+02 8.566579e+02 8.447127e+02 8.327675e+02 8.208223e+02 8.088772e+02 7.969320e+02 7.849868e+02 7.730416e+02 7.610964e+02 7.491513e+02 7.372061e+02 7.252609e+02 7.133157e+02 7.013706e+02 6.894254e+02 6.774802e+02 6.655350e+02 6.535898e+02
1.000000e+03 9.880548e+02 9.761096e+02 9.641645e+02 9.522193e+02 9.402741e+02 9.283289e+02 9.163838e+02 9.044386e+02 8.924934e+02 8.805482e+02 8.686030e+02 8.566579e+02 8.447127e+02 8.327675e+02 8.208223e+02 8.088772e+02 7.969320e+02 7.849868e+02 7.730416e+02 7.610964e+02 7.491513e+02 7.372061e+02 7.252609e+02 7.133157e+02 7.013706e+02 6.894254e+02 6.774802e+02 6.655350e+02 6.535898e+02
1.000000e+03 9.880548e+02 9.761096e+02 9.641645e+02 9.522193e+02 9.402741e+02 9.283289e+02 9.163838e+02 9.044386e+02 8.924934e+02 8.805482e+02 8.686030e+02 8.566579e+02 8.447127e+02 8.327675e+02 8.208223e+02 8.088772e+02 7.969320e+02 7.849868e+02 7.730416e+02 7.610964e+02 7.491513e+02 7.372061e+02 7.252609e+02 7.133157e+02 7.013706e+02 6.894254e+02 6.774802e+02 6.655350e+02 6.535898e+02
1.000000e+03 9.880548e+02 9.761096e+02 9.641645e+02 9.522193e+02 9.402741e+02 9.283289e+02 9.163838e+02 9.044386e+02 8.924934e+02 8.805482e+02 8.686030e+02 8.566579e+02 8.447127e+02 8.327675e+02 8.208223e+02 8.088772e+02 7.969320e+02 7.849868e+02 7.730416e+02 7.610964e+02 7.491513e+02 7.372061e+02 7.252609e+02 7.133157e+02 7.013706e+02 6.894254e+02 6.774802e+02 6.655350e+02 6.535898e+02
1.000000e+03 9.880548e+02 9.761096e+02 9.641645e+02 9.522193e+02 9.402741e+02 9.283289e+02 9.163838e+02 9.044386e+02 8.924934e+02 8.805482e+02 8.686030e+02 8.566579e+02 8.447127e+02 8.327675e+02 8.208223e+02 8.088772e+02 7.969320e+02 7.849868e+02 7.730416e+02 7.610964e+02 7.491513e+02 7.372061e+02 7.252609e+02 7.133157e+02 7.013706e+02 6.894254e+02 6.774802e+02 6.655350e+02 6.535898e+02
1.000000e+03 9.880548e+02 9.761096e+02 9.641645e+02 9.522193e+02 9.402741e+02 9.283289e+02 9.163838e+02 9.044386e+02 8.924934e+02 8.805482e+02 8.686030e+02 8.566579e+02 8.447127e+02 8.327675e+02 8.208223e+02 8.088772e+02 7.969320e+02 7.849868e+02 7.730416e+02 7.610964e+02 7.491513e+02 7.372061e+02 7.252609e+02 7.133157e+02 7.013706e+02 6.894254e+02 6.774802e+02 6.655350e+02 6.535898e+02
1.000000e+03 9.880548e+02 9.761096e+02 9.641645e+02 9.522193e+02 9.402741e+02 9.283289e+02 9.163838e+02 9.044386e+02 8.924934e+02 8.805482e+02 8.686030e+02 8.566579e+02 8.447127e+02 8.327675e+02 8.208223e+02 8.088772e+02 7.969320e+02 7.849868e+02 7.730416e+02 7.610964e+02 7.491513e+02 7.372061e+02 7.252609e+02 7.133157e+02 7.013706e+02 6.894254e+02 6.774802e+02 6.655350e+02 6.535898e+02
1.000000e+03 9.880548e+02 9.761096e+02 9.641645e+02 9.522193e+02 9.402741e+02 9.283289e+02 9.163838e+02 9.044386e+02 8.924934e+02 8.805482e+02 8.686030e+02 8.566579e+02 8.447127e+02 8.327675e+02 8.208223e+02 8.088772e+02 7.969320e+02 7.849868e+02 7.730416e+02 7.610964e+02 7.491513e+02 7.372061e+02 7.252609e+02 7.133157e+02 7.013706e+02 6.894254e+02 6.774802e+02 6.655350e+02 6.535898e+02
1.000000e+03 9.880548e+02 9.761096e+02 9.641645e+02 9.522193e+02 9.402741e+02 9.283289e+02 9.163838e+02 9.044386e+02 8.924934e+02 8.805482e+02 8.686030e+02 8.566579e+02 8.447127e+02 8.327675e+02 8.208223e+02 8.088772e+02 7.969320e+02 7.849868e+02 7.730416e+02 7.610964e+02 7.491513e+02 7.372061e+02 7.252609e+02 7.133157e+02 7.013706e+02 6.894254e+02 6.774802e+02 6.655350e+02 6.535898e+02
1.000000e+03 9.880548e+02 9.761096e+02 9.641645e+02 9.522193e+02 9.402741e+02 9.283289e+02 9.163838e+02 9.044386e+02 8.924934e+02 8.805482e+02 8.686030e+02 8.566579e+02 8.447127e+02 8.327675e+02 8.208223e+02 8.088772e+02 7.969320e+02 7.849868e+02 7.730416e+02 7.610964e+02 7.491513e+02 7.372061e+02 7.252609e+02 7.133157e+02 7.013706e+02 6.894254e+02 6.774802e+02 6.655350e+02 6.535898e+02
1.000000e+03 9.880548e+02 9.761096e+02 9.641645e+02 9.522193e+02 9.402741e+02 9.283289e+02 9.163838e+02 9.044386e+02 8.924934e+02 8.805482e+02 8.686030e+02 8.566579e+02 8.447127e+02 8.327675e+02 8.208223e+02 8.088772e+02 7.969320e+02 7.849868e+02 7.730416e+02 7.610964e+02 7.491513e+02 7.372061e+02 7.252609e+02 7.133157e+02 7.013706e+02 6.894254e+02 6.774802e+02 6.655350e+02 6.535898e+02
1.000000e+03 9.880548e+02 9.761096e+02 9.641645e+02 9.522193e+02 9.402741e+02 9.283289e+02 9.163838e+02 9.044386e+02 8.924934e+02 8.805482e+02 8.686030e+02 8.566579e+02 8.447127e+02 8.327675e+02 8.208223e+02 8.088772e+02 7.969320e+02 7.849868e+02 7.730416e+02 7.610964e+02 7.491513e+02 7.372061e+02 7.252609e+02 7.133157e+02 7.013706e+02 6.894254e+02 6.774802e+02 6.655350e+02 6.535898e+02
1.000000e+03 9.880548e+02 9.761096e+02 9.641645e+02 9.522193e+02 9.402741e+02 9.283289e+02 9.163838e+02 9.044386e+02 8.924934e+02 8.805482e+02 8.686030e+02 8.566579e+02 8.447127e+02 8.327675e+02 8.208223e+02 8.088772e+02 7.969320e+02 7.849868e+02 7.730416e+02 7.610964e+02 7.491513e+02 7.372061e+02 7.252609e+02 7.133157e+02 7.013706e+02 6.894254e+02 6.774802e+02 6.655350e+02 6.535898e+02
1.000000e+03 9.880548e+02 9.761096e+02 9.641645e+02 9.522193e+02 9.402741e+02 9.283289e+02 9.163838e+02 9.044386e+02 8.924934e+02 8.805482e+02 8.686030e+02 8.566579e+02 8.447127e+02 8.327675e+02 8.208223e+02 8.088772e+02 7.969320e+02 7.849868e+02 7.730416e+02 7.610964e+02 7.491513e+02 7.372061e+02 7.252609e+02 7.133157e+02 7.013706e+02 6.894254e+02 6.774802e+02 6.655350e+02 6.535898e+02
1.000000e+03 9.880548e+02 9.761096e+02 9.641645e+02 9.522193e+02 9.402741e+02 9.283289e+02 9.163838e+02 9.044386e+02 8.924934e+02 8.805482e+02 8.686030e+02 8.566579e+02 8.447127e+02 8.327675e+02 8.208223e+02 8.088772e+02 7.969320e+02 7.849868e+02 7.730416e+02 7.610964e+02 7.491513e+02 7.372061e+02 7.252609e+02 7.133157e+02 7.013706e+02 6.894254e+02 6.774802e+02 6.655350e+02 6.535898e+02
1.000000e+03 9.880548e+02 9.761096e+02 9.641645e+02 9.522193e+02 9.402741e+02 9.283289e+02 9.163838e+02 9.044386e+02 8.924934e+02 8.805482e+02 8.686030e+02 8.566579e+02 8.447127e+02 8.327675e+02 8.208223e+02 8.088772e+02 7.969320e+02 7.849868e+02 7.730416e+02 7.610964e+02 7.491513e+02 7.372061e+02 7.252609e+02 7.133157e+02 7.013706e+02 6.894254e+02 6.774802e+02 6.655350e+02 6.535898e+02
1.000000e+03 9.880548e+02 9.761096e+02 9.641645e+02 9.522193e+02 9.402741e+02 9.283289e+02 9.163838e+02 9.044386e+02 8.924934e+02 8.805482e+02 8.686030e+02 8.566579e+02 8.447127e+02 8.327675e+02 8.208223e+02 8.088772e+02 7.969320e+02 7.849868e+02 7.730416e+02 7.610964e+02 7.491513e+02 7.372061e+02 7.252609e+02 7.133157e+02 7.013706e+02 6.894254e+02 6.774802e+02 6.655350e+02 6.535898e+02
1.000000e+03 9.880548e+02 9.761096e+02 9.641645e+02 9.522193e+02 9.402741e+02 9.283289e+02 9.163838e+02 9.044386e+02 8.924934e+02 8.805482e+02 8.686030e+02 8.566579e+02 8.447127e+02 8.327675e+02 8.208223e+02 8.088772e+02 7.969320e+02 7.849868e+02 7.730416e+02 7.610964e+02 7.491513e+02 7.372061e+02 7.252609e+02 7.133157e+02 7.013706e+02 6.894254e+02 6.774802e+02 6.655350e+02 6.535898e+02
1.000000e+03 9.880548e+02 9.761096e+02 9.641645e+02 9.522193e+02 9.402741e+02 9.283289e+02 9.163838e+02 9.044386e+02 8.924934e+02 8.805482e+02 8.686030e+02 8.566579e+02 8.447127e+02 8.327675e+02 8.208223e+02 8.088772e+02 7.969320e+02 7.849868e+02 7.730416e+02 7.610964e+02 7.491513e+02 7.372061e+02 7.252609e+02 7.133157e+02 7.013706e+02 6.894254e+02 6.774802e+02 6.655350e+02 6.535898e+02
1.000000e+03 9.880548e+02 9.761096e+02 9.641645e+02 9.522193e+02 9.402741e+02 9.283289e+02 9.163838e+02 9.044386e+02 8.924934e+02 8.805482e+02 8.686030e+02 8.566579e+02 8.447127e+02 8.327675e+02 8.208223e+02 8.088772e+02 7.969320e+02 7.849868e+02 7.730416e+02 7.610964e+02 7.491513e+02 7.372061e+02 7.252609e+02 7.133157e+02 7.013706e+02 6.894254e+02 6.774802e+02 6.655350e+02 6.535898e+02
1.000000e+03 9.880548e+02 9.761096e+02 9.641645e+02 9.522193e+02 9.402741e+02 9.283289e+02 9.163838e+02 9.044386e+02 8.924934e+02 8.805482e+02 8.686030e+02 8.566579e+02 8.447127e+02 8.327675e+02 8.208223e+02 8.088772e+02 7.969320e+02 7.849868e+02 7.730416e+02 7.610964e+02 7.491513e+02 7.372061e+02 7.252609e+02 7.133157e+02 7.013706e+02 6.894254e+02 6.774802e+02 6.655350e+02 6.535898e+02
1.000000e+03 9.880548e+02 9.761096e+02 9.641645e+02 9.522193e+02 9.402741e+02 9.283289e+02 9.163838e+02 9.044386e+02 8.924934e+02 8.805482e+02 8.686030e+02 8.566579e+02 8.447127e+02 8.327675e+02 8.208223e+02 8.088772e+02 7.969320e+02 7.849868e+02 7.730416e+02 7.610964e+02 7.491513e+02 7.372061e+02 7.252609e+02 7.133157e+02 7.013706e+02 6.894254e+02 6.774802e+02 6.655350e+02 6.535898e+02
1.000000e+03 9.880548e+02 9.761096e+02 9.641645e+02 9.522193e+02 9.402741e+02 9.283289e+02 9.163838e+02 9.044386e+02 8.924934e+02 8.805482e+02 8.686030e+02 8.566579e+02 8.447127e+02 8.327675e+02 8.208223e+02 8.088772e+02 7.969320e+02 7.849868e+02 7.730416e+02 7.610964e+02 7.491513e+02 7.372061e+02 7.252609e+02 7.133157e+02 7.013706e+02 6.894254e+02 6.774802e+02 6.655350e+02 6.535898e+02
1.000000e+03 9.880548e+02 9.761096e+02 9.641645e+02 9.522193e+02 9.402741e+02 9.283289e+02 9.163838e+02 9.044386e+02 8.924934e+02 8.805482e+02 8.686030e+02 8.566579e+02 8.447127e+02 8.327675e+02 8.208223e+02 8.088772e+02 7.969320e+02 7.849868e+02 7.730416e+02 7.610964e+02 7.491513e+02 7.372061e+02 7.252609e+02 7.133157e+02 7.013706e+02 6.894254e+02 6.774802e+02 6.655350e+02 6.535898e+02
