topographies/flat_[30,30,20][60.0,0.0].asc
ncols 30
nrows 30
xllcorner 0.0
yllcorner 0.0
cellsize 20
nodata_value 0
1.000000e+03 9.641645e+02 9.283289e+02 8.924934e+02 8.566579e+02 8.208223e+02 7.849868e+02 7.491513e+02 7.133157e+02 6.774802e+02 6.416447e+02 6.058091e+02 5.699736e+02 5.341381e+02 4.983025e+02 4.624670e+02 4.266315e+02 3.907959e+02 3.549604e+02 3.191249e+02 2.832893e+02 2.474538e+02 2.116183e+02 1.757827e+02 1.399472e+02 1.041117e+02 6.827612e+01 3.244058e+01 -3.394951e+00 -3.923048e+01
1.000000e+03 9.641645e+02 9.283289e+02 8.924934e+02 8.566579e+02 8.208223e+02 7.849868e+02 7.491513e+02 7.133157e+02 6.774802e+02 6.416447e+02 6.058091e+02 5.699736e+02 5.341381e+02 4.983025e+02 4.624670e+02 4.266315e+02 3.907959e+02 3.549604e+02 3.191249e+02 2.832893e+02 2.474538e+02 2.116183e+02 1.757827e+02 1.399472e+02 1.041117e+02 6.827612e+01 3.244058e+01 -3.394951e+00 -3.923048e+01
1.000000e+03 9.641645e+02 9.283289e+02 8.924934e+02 8.566579e+02 8.208223e+02 7.849868e+02 7.491513e+02 7.133157e+02 6.774802e+02 6.416447e+02 6.058091e+02 5.699736e+02 5.341381e+02 4.983025e+02 4.624670e+02 4.266315e+02 3.907959e+02 3.549604e+02 3.191249e+02 2.832893e+02 2.474538e+02 2.116183e+02 1.757827e+02 1.399472e+02 1.041117e+02 6.827612e+01 3.244058e+01 -3.394951e+00 -3.923048e+01
1.000000e+03 9.641645e+02 9.283289e+02 8.924934e+02 8.566579e+02 8.208223e+02 7.849868e+02 7.491513e+02 7.133157e+02 6.774802e+02 6.416447e+02 6.058091e+02 5.699736e+02 5.341381e+02 4.983025e+02 4.624670e+02 4.266315e+02 3.907959e+02 3.549604e+02 3.191249e+02 2.832893e+02 2.474538e+02 2.116183e+02 1.757827e+02 1.399472e+02 1.041117e+02 6.827612e+01 3.244058e+01 -3.394951e+00 -3.923048e+01
1.000000e+03 9.641645e+02 9.283289e+02 8.924934e+02 8.566579e+02 8.208223e+02 7.849868e+02 7.491513e+02 7.133157e+02 6.774802e+02 6.416447e+02 6.058091e+02 5.699736e+02 5.341381e+02 4.983025e+02 4.624670e+02 4.266315e+02 3.907959e+02 3.549604e+02 3.191249e+02 2.832893e+02 2.474538e+02 2.116183e+02 1.757827e+02 1.399472e+02 1.041117e+02 6.827612e+01 3.244058e+01 -3.394951e+00 -3.923048e+01
1.000000e+03 9.641645e+02 9.283289e+02 8.924934e+02 8.566579e+02 8.208223e+02 7.849868e+02 7.491513e+02 7.133157e+02 6.774802e+02 6.416447e+02 6.058091e+02 5.699736e+02 5.341381e+02 4.983025e+02 4.624670e+02 4.266315e+02 3.907959e+02 3.549604e+02 3.191249e+02 2.832893e+02 2.474538e+02 2.116183e+02 1.757827e+02 1.399472e+02 1.041117e+02 6.827612e+01 3.244058e+01 -3.394951e+00 -3.923048e+01
1.000000e+03 9.641645e+02 9.283289e+02 8.924934e+02 8.566579e+02 8.208223e+02 7.849868e+02 7.491513e+02 7.133157e+02 6.774802e+02 6.416447e+02 6.058091e+02 5.699736e+02 5.341381e+02 4.983025e+02 4.624670e+02 4.266315e+02 3.907959e+02 3.549604e+02 3.191249e+02 2.832893e+02 2.474538e+02 2.116183e+02 1.757827e+02 1.399472e+02 1.041117e+02 6.827612e+01 3.244058e+01 -3.394951e+00 -3.923048e+01
1.000000e+03 9.641645e+02 9.283289e+02 8.924934e+02 8.566579e+02 8.208223e+02 7.849868e+02 7.491513e+02 7.133157e+02 6.774802e+02 6.416447e+02 6.058091e+02 5.699736e+02 5.341381e+02 4.983025e+02 4.624670e+02 4.266315e+02 3.907959e+02 3.549604e+02 3.191249e+02 2.832893e+02 2.474538e+02 2.116183e+02 1.757827e+02 1.399472e+02 1.041117e+02 6.827612e+01 3.244058e+01 -3.394951e+00 -3.923048e+01
1.000000e+03 9.641645e+02 9.283289e+02 8.924934e+02 8.566579e+02 8.208223e+02 7.849868e+02 7.491513e+02 7.133157e+02 6.774802e+02 6.416447e+02 6.058091e+02 5.699736e+02 5.341381e+02 4.983025e+02 4.624670e+02 4.266315e+02 3.907959e+02 3.549604e+02 3.191249e+02 2.832893e+02 2.474538e+02 2.116183e+02 1.757827e+02 1.399472e+02 1.041117e+02 6.827612e+01 3.244058e+01 -3.394951e+00 -3.923048e+01
1.000000e+03 9.641645e+02 9.283289e+02 8.924934e+02 8.566579e+02 8.208223e+02 7.849868e+02 7.491513e+02 7.133157e+02 6.774802e+02 6.416447e+02 6.058091e+02 5.699736e+02 5.341381e+02 4.983025e+02 4.624670e+02 4.266315e+02 3.907959e+02 3.549604e+02 3.191249e+02 2.832893e+02 2.474538e+02 2.116183e+02 1.757827e+02 1.399472e+02 1.041117e+02 6.827612e+01 3.244058e+01 -3.394951e+00 -3.923048e+01
1.000000e+03 9.641645e+02 9.283289e+02 8.924934e+02 8.566579e+02 8.208223e+02 7.849868e+02 7.491513e+02 7.133157e+02 6.774802e+02 6.416447e+02 6.058091e+02 5.699736e+02 5.341381e+02 4.983025e+02 4.624670e+02 4.266315e+02 3.907959e+02 3.549604e+02 3.191249e+02 2.832893e+02 2.474538e+02 2.116183e+02 1.757827e+02 1.399472e+02 1.041117e+02 6.827612e+01 3.244058e+01 -3.394951e+00 -3.923048e+01
1.000000e+03 9.641645e+02 9.283289e+02 8.924934e+02 8.566579e+02 8.208223e+02 7.849868e+02 7.491513e+02 7.133157e+02 6.774802e+02 6.416447e+02 6.058091e+02 5.699736e+02 5.341381e+02 4.983025e+02 4.624670e+02 4.266315e+02 3.907959e+02 3.549604e+02 3.191249e+02 2.832893e+02 2.474538e+02 2.116183e+02 1.757827e+02 1.399472e+02 1.041117e+02 6.827612e+01 3.244058e+01 -3.394951e+00 -3.923048e+01
1.000000e+03 9.641645e+02 9.283289e+02 8.924934e+02 8.566579e+02 8.208223e+02 7.849868e+02 7.491513e+02 7.133157e+02 6.774802e+02 6.416447e+02 6.058091e+02 5.699736e+02 5.341381e+02 4.983025e+02 4.624670e+02 4.266315e+02 3.907959e+02 3.549604e+02 3.191249e+02 2.832893e+02 2.474538e+02 2.116183e+02 1.757827e+02 1.399472e+02 1.041117e+02 6.827612e+01 3.244058e+01 -3.394951e+00 -3.923048e+01
1.000000e+03 9.641645e+02 9.283289e+02 8.924934e+02 8.566579e+02 8.208223e+02 7.849868e+02 7.491513e+02 7.133157e+02 6.774802e+02 6.416447e+02 6.058091e+02 5.699736e+02 5.341381e+02 4.983025e+02 4.624670e+02 4.266315e+02 3.907959e+02 3.549604e+02 3.191249e+02 2.832893e+02 2.474538e+02 2.116183e+02 1.757827e+02 1.399472e+02 1.041117e+02 6.827612e+01 3.244058e+01 -3.394951e+00 -3.923048e+01
1.000000e+03 9.641645e+02 9.283289e+02 8.924934e+02 8.566579e+02 8.208223e+02 7.849868e+02 7.491513e+02 7.133157e+02 6.774802e+02 6.416447e+02 6.058091e+02 5.699736e+02 5.341381e+02 4.983025e+02 4.624670e+02 4.266315e+02 3.907959e+02 3.549604e+02 3.191249e+02 2.832893e+02 2.474538e+02 2.116183e+02 1.757827e+02 1.399472e+02 1.041117e+02 6.827612e+01 3.244058e+01 -3.394951e+00 -3.923048e+01
1.000000e+03 9.641645e+02 9.283289e+02 8.924934e+02 8.566579e+02 8.208223e+02 7.849868e+02 7.491513e+02 7.133157e+02 6.774802e+02 6.416447e+02 6.058091e+02 5.699736e+02 5.341381e+02 4.983025e+02 4.624670e+02 4.266315e+02 3.907959e+02 3.549604e+02 3.191249e+02 2.832893e+02 2.474538e+02 2.116183e+02 1.757827e+02 1.399472e+02 1.041117e+02 6.827612e+01 3.244058e+01 -3.394951e+00 -3.923048e+01
1.000000e+03 9.641645e+02 9.283289e+02 8.924934e+02 8.566579e+02 8.208223e+02 7.849868e+02 7.491513e+02 7.133157e+02 6.774802e+02 6.416447e+02 6.058091e+02 5.699736e+02 5.341381e+02 4.983025e+02 4.624670e+02 4.266315e+02 3.907959e+02 3.549604e+02 3.191249e+02 2.832893e+02 2.474538e+02 2.116183e+02 1.757827e+02 1.399472e+02 1.041117e+02 6.827612e+01 3.244058e+01 -3.394951e+00 -3.923048e+01
1.000000e+03 9.641645e+02 9.283289e+02 8.924934e+02 8.566579e+02 8.208223e+02 7.849868e+02 7.491513e+02 7.133157e+02 6.774802e+02 6.416447e+02 6.058091e+02 5.699736e+02 5.341381e+02 4.983025e+02 4.624670e+02 4.266315e+02 3.907959e+02 3.549604e+02 3.191249e+02 2.832893e+02 2.474538e+02 2.116183e+02 1.757827e+02 1.399472e+02 1.041117e+02 6.827612e+01 3.244058e+01 -3.394951e+00 -3.923048e+01
1.000000e+03 9.641645e+02 9.283289e+02 8.924934e+02 8.566579e+02 8.208223e+02 7.849868e+02 7.491513e+02 7.133157e+02 6.774802e+02 6.416447e+02 6.058091e+02 5.699736e+02 5.341381e+02 4.983025e+02 4.624670e+02 4.266315e+02 3.907959e+02 3.549604e+02 3.191249e+02 2.832893e+02 2.474538e+02 2.116183e+02 1.757827e+02 1.399472e+02 1.041117e+02 6.827612e+01 3.244058e+01 -3.394951e+00 -3.923048e+01
1.000000e+03 9.641645e+02 9.283289e+02 8.924934e+02 8.566579e+02 8.208223e+02 7.849868e+02 7.491513e+02 7.133157e+02 6.774802e+02 6.416447e+02 6.058091e+02 5.699736e+02 5.341381e+02 4.983025e+02 4.624670e+02 4.266315e+02 3.907959e+02 3.549604e+02 3.191249e+02 2.832893e+02 2.474538e+02 2.116183e+02 1.757827e+02 1.399472e+02 1.041117e+02 6.827612e+01 3.244058e+01 -3.394951e+00 -3.923048e+01
1.000000e+03 9.641645e+02 9.283289e+02 8.924934e+02 8.566579e+02 8.208223e+02 7.849868e+02 7.491513e+02 7.133157e+02 6.774802e+02 6.416447e+02 6.058091e+02 5.699736e+02 5.341381e+02 4.983025e+02 4.624670e+02 4.266315e+02 3.907959e+02 3.549604e+02 3.191249e+02 2.832893e+02 2.474538e+02 2.116183e+02 1.757827e+02 1.399472e+02 1.041117e+02 6.827612e+01 3.244058e+01 -3.394951e+00 -3.923048e+01
1.000000e+03 9.641645e+02 9.283289e+02 8.924934e+02 8.566579e+02 8.208223e+02 7.849868e+02 7.491513e+02 7.133157e+02 6.774802e+02 6.416447e+02 6.058091e+02 5.699736e+02 5.341381e+02 4.983025e+02 4.624670e+02 4.266315e+02 3.907959e+02 3.549604e+02 3.191249e+02 2.832893e+02 2.474538e+02 2.116183e+02 1.757827e+02 1.399472e+02 1.041117e+02 6.827612e+01 3.244058e+01 -3.394951e+00 -3.923048e+01
1.000000e+03 9.641645e+02 9.283289e+02 8.924934e+02 8.566579e+02 8.208223e+02 7.849868e+02 7.491513e+02 7.133157e+02 6.774802e+02 6.416447e+02 6.058091e+02 5.699736e+02 5.341381e+02 4.983025e+02 4.624670e+02 4.266315e+02 3.907959e+02 3.549604e+02 3.191249e+02 2.832893e+02 2.474538e+02 2.116183e+02 1.757827e+02 1.399472e+02 1.041117e+02 6.827612e+01 3.244058e+01 -3.394951e+00 -3.923048e+01
1.000000e+03 9.641645e+02 9.283289e+02 8.924934e+02 8.566579e+02 8.208223e+02 7.849868e+02 7.491513e+02 7.133157e+02 6.774802e+02 6.416447e+02 6.058091e+02 5.699736e+02 5.341381e+02 4.983025e+02 4.624670e+02 4.266315e+02 3.907959e+02 3.549604e+02 3.191249e+02 2.832893e+02 2.474538e+02 2.116183e+02 1.757827e+02 1.399472e+02 1.041117e+02 6.827612e+01 3.244058e+01 -3.394951e+00 -3.923048e+01
1.000000e+03 9.641645e+02 9.283289e+02 8.924934e+02 8.566579e+02 8.208223e+02 7.849868e+02 7.491513e+02 7.133157e+02 6.774802e+02 6.416447e+02 6.058091e+02 5.699736e+02 5.341381e+02 4.983025e+02 4.624670e+02 4.266315e+02 3.907959e+02 3.549604e+02 3.191249e+02 2.832893e+02 2.474538e+02 2.116183e+02 1.757827e+02 1.399472e+02 1.041117e+02 6.827612e+01 3.244058e+01 -3.394951e+00 -3.923048e+01
1.000000e+03 9.641645e+02 9.283289e+02 8.924934e+02 8.566579e+02 8.208223e+02 7.849868e+02 7.491513e+02 7.133157e+02 6.774802e+02 6.416447e+02 6.058091e+02 5.699736e+02 5.341381e+02 4.983025e+02 4.624670e+02 4.266315e+02 3.907959e+02 3.549604e+02 3.191249e+02 2.832893e+02 2.474538e+02 2.116183e+02 1.757827e+02 1.399472e+02 1.041117e+02 6.827612e+01 3.244058e+01 -3.394951e+00 -3.923048e+01
1.000000e+03 9.641645e+02 9.283289e+02 8.924934e+02 8.566579e+02 8.208223e+02 7.849868e+02 7.491513e+02 7.133157e+02 6.774802e+02 6.416447e+02 6.058091e+02 5.699736e+02 5.341381e+02 4.983025e+02 4.624670e+02 4.266315e+02 3.907959e+02 3.549604e+02 3.191249e+02 2.832893e+02 2.474538e+02 2.116183e+02 1.757827e+02 1.399472e+02 1.041117e+02 6.827612e+01 3.244058e+01 -3.394951e+00 -3.923048e+01
1.000000e+03 9.641645e+02 9.283289e+02 8.924934e+02 8.566579e+02 8.208223e+02 7.849868e+02 7.491513e+02 7.133157e+02 6.774802e+02 6.416447e+02 6.058091e+02 5.699736e+02 5.341381e+02 4.983025e+02 4.624670e+02 4.266315e+02 3.907959e+02 3.549604e+02 3.191249e+02 2.832893e+02 2.474538e+02 2.116183e+02 1.757827e+02 1.399472e+02 1.041117e+02 6.827612e+01 3.244058e+01 -3.394951e+00 -3.923048e+01
1.000000e+03 9.641645e+02 9.283289e+02 8.924934e+02 8.566579e+02 8.208223e+02 7.849868e+02 7.491513e+02 7.133157e+02 6.774802e+02 6.416447e+02 6.058091e+02 5.699736e+02 5.341381e+02 4.983025e+02 4.624670e+02 4.266315e+02 3.907959e+02 3.549604e+02 3.191249e+02 2.832893e+02 2.474538e+02 2.116183e+02 1.757827e+02 1.399472e+02 1.041117e+02 6.827612e+01 3.244058e+01 -3.394951e+00 -3.923048e+01
1.000000e+03 9.641645e+02 9.283289e+02 8.924934e+02 8.566579e+02 8.208223e+02 7.849868e+02 7.491513e+02 7.133157e+02 6.774802e+02 6.416447e+02 6.058091e+02 5.699736e+02 5.341381e+02 4.983025e+02 4.624670e+02 4.266315e+02 3.907959e+02 3.549604e+02 3.191249e+02 2.832893e+02 2.474538e+02 2.116183e+02 1.757827e+02 1.399472e+02 1.041117e+02 6.827612e+01 3.244058e+01 -3.394951e+00 -3.923048e+01
