topographies/fractal_[7,189][65,65,10].asc
ncols 65
nrows 65
xllcorner 0.0
yllcorner 0.0
cellsize 10
nodata_value 0
[rows 0 to 22 of 65, columns 0 to 51 of 65]
0.000000e+00 1.711656e-02 -7.906872e-01 -2.121567e-01 -1.066684e-01 1.958175e-01 1.431881e+00 2.355829e+00 2.412711e+00 1.968128e+00 1.540287e+00 1.404708e+00 2.025492e+00 2.322307e+00 3.182197e+00 2.436509e+00 2.550811e+00 3.019354e+00 3.828119e+00 5.160865e+00 6.885618e+00 7.113768e+00 7.839251e+00 7.418275e+00 7.339067e+00 8.718096e+00 9.335607e+00 9.883699e+00 1.128031e+01 1.176796e+01 1.302957e+01 1.368018e+01 1.470894e+01 1.296149e+01 1.204161e+01 1.199777e+01 1.112081e+01 1.026567e+01 8.806845e+00 7.160682e+00 6.064452e+00 5.758304e+00 6.005303e+00 5.145786e+00 5.277787e+00 5.039755e+00 4.989793e+00 4.363018e+00 3.989142e+00 3.815628e+00 4.471686e+00 4.755447e+00
5.053255e-02 -4.300823e-01 -8.871715e-01 -1.001443e+00 -1.202960e+00 -9.590833e-01 4.918184e-02 -1.574676e-01 5.667100e-01 2.067125e+00 8.286891e-01 2.004517e+00 2.104829e+00 9.098916e-01 1.609628e+00 2.276745e+00 1.590283e+00 3.750996e+00 4.036174e+00 3.907945e+00 5.918724e+00 6.927156e+00 7.435028e+00 7.029334e+00 7.542708e+00 8.368877e+00 9.228389e+00 1.072916e+01 1.208230e+01 1.149856e+01 1.233643e+01 1.381124e+01 1.434902e+01 1.416769e+01 1.279198e+01 1.134366e+01 1.046251e+01 1.101820e+01 9.206328e+00 8.967801e+00 7.327019e+00 5.917067e+00 6.247248e+00 5.757626e+00 4.912203e+00 5.194355e+00 4.947792e+00 4.898374e+00 4.269304e+00 4.230456e+00 4.186765e+00 5.140136e+00
1.077564e+00 5.660028e-01 -7.075994e-01 -1.347856e+00 -1.634859e+00 -2.296596e+00 -2.104392e+00 -1.548990e+00 -1.638627e+00 -5.785362e-01 1.025917e+00 1.542240e+00 1.529027e+00 1.166476e+00 3.182842e-01 7.930305e-01 9.400608e-01 2.412050e+00 4.031715e+00 4.240437e+00 4.537913e+00 5.728501e+00 6.384846e+00 6.980013e+00 6.865819e+00 8.104320e+00 9.430183e+00 1.103042e+01 1.235195e+01 1.223835e+01 1.256475e+01 1.346204e+01 1.359630e+01 1.360644e+01 1.296225e+01 1.211495e+01 1.034105e+01 9.801227e+00 1.006215e+01 9.374655e+00 8.160323e+00 7.046049e+00 6.299927e+00 5.447922e+00 4.762617e+00 4.155274e+00 4.128873e+00 4.088879e+00 4.701167e+00 4.471856e+00 4.816521e+00 5.534795e+00
1.149412e+00 5.251696e-01 -6.814580e-01 -1.510879e+00 -1.335059e+00 -2.730256e+00 -2.511370e+00 -3.240656e+00 -3.195443e+00 -1.644081e+00 -8.281579e-02 7.212462e-01 1.375504e+00 2.443076e-01 -2.337177e-01 -7.318830e-01 -2.726594e-01 8.438109e-01 2.130390e+00 3.914521e+00 4.525432e+00 4.299645e+00 4.718206e+00 5.611800e+00 5.912479e+00 7.363150e+00 8.831053e+00 1.113299e+01 1.253273e+01 1.262704e+01 1.323845e+01 1.250500e+01 1.329179e+01 1.296698e+01 1.288942e+01 1.164779e+01 1.113028e+01 1.073394e+01 1.089001e+01 1.006819e+01 8.666930e+00 6.966768e+00 6.283887e+00 5.574280e+00 5.024600e+00 4.642755e+00 4.571780e+00 3.912463e+00 4.037729e+00 4.721387e+00 4.254277e+00 5.152823e+00
1.627796e+00 3.195824e-01 -1.441269e-01 -1.147026e+00 -1.647156e+00 -2.977902e+00 -3.316772e+00 -3.321764e+00 -3.808036e+00 -2.944263e+00 -1.966194e+00 -9.757461e-01 3.312744e-01 3.633326e-01 -4.416290e-01 -1.764052e+00 -2.302245e+00 -4.970013e-01 8.199434e-01 2.416783e+00 4.084298e+00 3.369149e+00 3.412486e+00 4.225440e+00 4.603710e+00 6.174684e+00 8.075171e+00 1.038470e+01 1.253802e+01 1.311244e+01 1.319615e+01 1.337814e+01 1.299805e+01 1.267094e+01 1.218892e+01 1.202104e+01 1.098109e+01 1.123010e+01 1.099768e+01 1.046519e+01 9.410227e+00 7.868952e+00 6.429840e+00 6.103396e+00 4.978527e+00 4.979272e+00 5.453030e+00 4.691913e+00 3.963395e+00 4.423223e+00 4.387512e+00 4.729561e+00
1.498150e+00 4.732338e-01 -4.541084e-01 -2.066253e+00 -2.085972e+00 -2.887597e+00 -4.036397e+00 -4.030656e+00 -3.815797e+00 -4.332694e+00 -3.112385e+00 -1.762519e+00 -7.124062e-01 -1.057338e+00 -1.895906e+00 -2.080519e+00 -3.910545e+00 -1.175949e+00 -2.596329e-01 1.659230e+00 2.296828e+00 4.419409e+00 3.715691e+00 4.259180e+00 5.006307e+00 6.330075e+00 8.093925e+00 9.093500e+00 1.108039e+01 1.284845e+01 1.334915e+01 1.360615e+01 1.406794e+01 1.271783e+01 1.177534e+01 1.201469e+01 1.137884e+01 1.088788e+01 1.114226e+01 1.016114e+01 9.691425e+00 7.718183e+00 6.107030e+00 5.676659e+00 5.198424e+00 4.502893e+00 4.803365e+00 4.586119e+00 3.873714e+00 3.382379e+00 3.709733e+00 4.126076e+00
7.068052e-01 6.851359e-01 -2.114962e-01 -2.037159e+00 -3.393954e+00 -3.970906e+00 -4.196755e+00 -3.977419e+00 -4.616748e+00 -5.371233e+00 -5.168728e+00 -3.584483e+00 -1.629260e+00 -2.246925e+00 -3.178480e+00 -3.644618e+00 -4.529556e+00 -2.230083e+00 -3.494706e-01 4.348078e-01 1.501096e+00 2.812085e+00 4.966846e+00 5.416756e+00 5.116866e+00 6.937421e+00 7.998326e+00 9.032064e+00 1.031673e+01 1.226993e+01 1.403096e+01 1.380524e+01 1.434387e+01 1.278381e+01 1.182305e+01 1.210074e+01 1.208501e+01 1.183725e+01 1.065397e+01 1.068609e+01 9.745736e+00 8.203005e+00 6.118489e+00 5.266175e+00 4.971151e+00 4.115648e+00 3.509223e+00 3.624749e+00 3.812763e+00 2.960615e+00 3.071337e+00 3.437046e+00
5.499703e-01 -1.233923e-01 -7.607254e-01 -1.854482e+00 -3.906422e+00 -4.946625e+00 -5.470221e+00 -5.324960e+00 -5.044957e+00 -5.002679e+00 -5.343631e+00 -5.321188e+00 -3.631215e+00 -2.849299e+00 -4.028992e+00 -4.255261e+00 -4.553541e+00 -3.316617e+00 -1.623824e+00 -3.783349e-01 1.059601e+00 1.759542e+00 3.711299e+00 5.019692e+00 5.121856e+00 6.192243e+00 7.509516e+00 8.438505e+00 9.474356e+00 1.077107e+01 1.240247e+01 1.409605e+01 1.431800e+01 1.328782e+01 1.268916e+01 1.204777e+01 1.190889e+01 1.129182e+01 1.018243e+01 1.016371e+01 9.949141e+00 7.723369e+00 6.282943e+00 4.961128e+00 5.121155e+00 4.436886e+00 4.174279e+00 3.372386e+00 3.796528e+00 3.726854e+00 3.763522e+00 3.039760e+00
1.313438e+00 -2.378805e-01 -1.149376e+00 -2.722115e+00 -3.682452e+00 -4.885698e+00 -5.921648e+00 -5.927166e+00 -6.372471e+00 -6.416113e+00 -6.018163e+00 -5.601355e+00 -4.963070e+00 -4.787314e+00 -4.337652e+00 -5.241456e+00 -5.302956e+00 -3.981459e+00 -1.989149e+00 -7.970524e-01 -3.561098e-01 8.670099e-01 1.505891e+00 3.415125e+00 4.612292e+00 6.367552e+00 7.925277e+00 8.450736e+00 9.568554e+00 1.050578e+01 1.123639e+01 1.259170e+01 1.461123e+01 1.345743e+01 1.289840e+01 1.233898e+01 1.145720e+01 1.084230e+01 9.980658e+00 9.724483e+00 9.541508e+00 8.455360e+00 6.662879e+00 6.019195e+00 4.589940e+00 4.981148e+00 4.570738e+00 4.405403e+00 3.552368e+00 3.203585e+00 3.484803e+00 3.285991e+00
2.352392e+00 5.291908e-01 -4.195171e-01 -1.347025e+00 -2.708325e+00 -4.288414e+00 -5.186937e+00 -6.661240e+00 -6.307765e+00 -5.514815e+00 -5.450425e+00 -6.273175e+00 -5.469248e+00 -4.163499e+00 -4.681613e+00 -5.241679e+00 -5.781075e+00 -4.720464e+00 -3.232816e+00 -1.591383e+00 -1.124733e+00 1.195280e+00 1.653861e+00 2.528863e+00 4.133115e+00 4.166410e+00 5.799650e+00 6.969012e+00 8.031402e+00 1.112799e+01 1.128220e+01 1.286930e+01 1.433800e+01 1.366627e+01 1.297638e+01 1.108756e+01 1.125055e+01 1.167205e+01 1.085476e+01 1.059570e+01 1.003780e+01 9.341079e+00 7.687211e+00 6.842948e+00 6.096514e+00 4.274080e+00 4.434349e+00 4.054457e+00 4.444951e+00 3.880716e+00 3.900655e+00 3.783784e+00
2.630455e+00 1.829859e+00 3.649484e-01 -4.905783e-01 -2.169424e+00 -3.760377e+00 -5.416084e+00 -6.036314e+00 -6.797721e+00 -6.582648e+00 -5.407932e+00 -5.479527e+00 -5.672946e+00 -5.239851e+00 -4.102584e+00 -5.179840e+00 -5.364570e+00 -5.063493e+00 -4.903249e+00 -2.998323e+00 -1.668164e+00 1.725502e-01 1.886689e+00 3.204859e+00 4.403838e+00 4.066999e+00 4.514370e+00 6.093416e+00 6.910626e+00 9.523044e+00 1.232082e+01 1.375887e+01 1.469043e+01 1.382327e+01 1.268626e+01 1.146387e+01 1.006629e+01 1.057839e+01 1.160787e+01 1.133016e+01 1.100214e+01 9.877411e+00 9.051020e+00 8.867801e+00 7.959905e+00 6.437341e+00 4.702949e+00 4.920581e+00 4.395192e+00 4.136997e+00 3.770783e+00 3.785549e+00
2.460291e+00 1.311851e+00 4.224451e-01 -7.358846e-01 -1.963763e+00 -2.734116e+00 -4.835378e+00 -5.855819e+00 -5.902852e+00 -6.469888e+00 -5.092224e+00 -5.967189e+00 -5.983507e+00 -5.027458e+00 -4.781280e+00 -3.874191e+00 -4.973424e+00 -4.345799e+00 -4.519436e+00 -4.398221e+00 -2.274493e+00 -6.141049e-01 1.607834e+00 2.815931e+00 3.346823e+00 5.023904e+00 4.814923e+00 5.081307e+00 5.913252e+00 7.703477e+00 1.023052e+01 1.357613e+01 1.456506e+01 1.322186e+01 1.265244e+01 1.145835e+01 1.007121e+01 1.005475e+01 9.961873e+00 1.153858e+01 1.066416e+01 1.069085e+01 9.705452e+00 9.732943e+00 9.470715e+00 8.099307e+00 6.188840e+00 4.605226e+00 4.577915e+00 4.249012e+00 3.851992e+00 3.575647e+00
2.162502e+00 1.277503e+00 1.155959e-01 -1.033294e+00 -1.649166e+00 -2.363820e+00 -3.592010e+00 -4.378502e+00 -5.703732e+00 -5.960812e+00 -5.404610e+00 -5.720545e+00 -6.154268e+00 -5.468107e+00 -5.192737e+00 -4.543319e+00 -4.258898e+00 -4.081589e+00 -3.593311e+00 -4.019369e+00 -3.692000e+00 -1.937868e+00 3.306667e-01 2.058834e+00 3.234177e+00 4.387522e+00 5.210028e+00 4.936088e+00 5.429011e+00 7.332261e+00 8.989107e+00 1.169398e+01 1.384395e+01 1.341940e+01 1.218896e+01 1.062813e+01 9.896982e+00 9.255296e+00 9.252778e+00 9.886896e+00 1.048637e+01 1.047663e+01 1.077694e+01 1.025362e+01 1.003117e+01 8.710230e+00 7.983855e+00 6.716540e+00 4.714660e+00 4.421022e+00 4.649007e+00 4.045150e+00
2.036246e+00 1.002138e+00 6.297627e-01 -1.762241e-02 -1.116154e+00 -2.856766e+00 -3.320671e+00 -4.473559e+00 -5.595010e+00 -5.362950e+00 -5.461532e+00 -5.078451e+00 -6.065538e+00 -6.214408e+00 -6.024975e+00 -5.205609e+00 -4.402132e+00 -3.673818e+00 -3.602165e+00 -2.496973e+00 -2.937666e+00 -1.770840e+00 -3.199826e-01 9.476177e-01 3.180377e+00 2.751532e+00 3.886689e+00 4.882276e+00 5.118010e+00 6.076007e+00 7.860421e+00 1.031320e+01 1.301066e+01 1.284615e+01 1.172480e+01 1.128523e+01 1.000733e+01 9.593967e+00 9.322869e+00 9.244847e+00 9.714961e+00 1.008578e+01 1.073079e+01 1.007019e+01 9.668778e+00 9.640745e+00 8.269034e+00 8.141735e+00 5.889258e+00 4.817777e+00 5.588516e+00 5.210379e+00
1.862302e+00 1.526981e+00 7.570824e-01 -3.567375e-01 -6.026452e-01 -1.447242e+00 -3.141150e+00 -4.803955e+00 -6.310369e+00 -5.218719e+00 -4.748369e+00 -5.519461e+00 -5.736947e+00 -6.524432e+00 -6.323798e+00 -5.500457e+00 -4.329992e+00 -3.467429e+00 -2.812544e+00 -2.588071e+00 -1.667508e+00 -1.088754e+00 -1.017834e-01 1.182166e+00 2.250833e+00 2.206709e+00 2.819815e+00 3.796811e+00 5.058629e+00 5.502092e+00 6.523895e+00 9.096478e+00 1.148888e+01 1.117900e+01 1.165134e+01 1.093638e+01 9.511260e+00 9.636311e+00 8.890255e+00 9.833145e+00 9.915968e+00 1.004077e+01 1.015227e+01 9.848801e+00 8.966054e+00 9.004155e+00 9.491140e+00 8.884945e+00 7.833723e+00 7.305249e+00 5.861505e+00 5.388697e+00
1.835928e+00 1.633358e+00 9.932436e-01 5.564647e-01 -5.417395e-01 -1.482453e+00 -2.771723e+00 -4.393129e+00 -5.832682e+00 -5.256258e+00 -4.321988e+00 -4.744639e+00 -4.724819e+00 -5.476033e+00 -5.295025e+00 -5.641236e+00 -4.704948e+00 -3.366008e+00 -2.990147e+00 -1.594607e+00 -1.418899e+00 -6.895070e-01 1.071627e-01 1.163929e+00 2.037545e+00 2.951712e+00 2.809865e+00 3.908790e+00 5.003098e+00 5.658481e+00 6.273301e+00 7.694328e+00 1.016223e+01 1.046265e+01 1.010475e+01 1.056154e+01 9.054685e+00 9.766242e+00 9.579828e+00 8.594161e+00 9.862341e+00 9.793787e+00 9.867235e+00 1.015924e+01 9.432313e+00 9.709109e+00 1.010279e+01 9.358338e+00 8.558731e+00 8.517836e+00 7.502930e+00 6.964966e+00
2.173063e+00 1.652146e+00 1.174255e+00 5.434196e-01 5.504508e-02 -1.127062e+00 -1.785782e+00 -3.362041e+00 -4.975484e+00 -4.705587e+00 -4.003610e+00 -4.177866e+00 -4.562662e+00 -4.682212e+00 -4.538787e+00 -5.123095e+00 -5.943738e+00 -4.214689e+00 -3.011803e+00 -2.403521e+00 -1.072336e+00 -2.242713e-01 4.772988e-01 9.490464e-01 1.723642e+00 2.895876e+00 3.156844e+00 3.727334e+00 4.335517e+00 5.326984e+00 6.416515e+00 7.756829e+00 9.089788e+00 9.079631e+00 9.142088e+00 9.040612e+00 8.796943e+00 9.371754e+00 9.692918e+00 8.995048e+00 8.904034e+00 9.751476e+00 1.001273e+01 9.715576e+00 9.344627e+00 9.847004e+00 1.005263e+01 9.600739e+00 9.554214e+00 9.724429e+00 9.357212e+00 8.921875e+00
2.042070e+00 1.248345e+00 1.522410e+00 8.889880e-01 -6.448638e-02 2.953680e-01 -9.465410e-01 -2.648339e+00 -4.033453e+00 -4.623557e+00 -4.204552e+00 -4.123566e+00 -4.071408e+00 -5.356024e+00 -5.020033e+00 -5.307289e+00 -5.292729e+00 -6.511518e+00 -4.315779e+00 -3.430893e+00 -2.172341e+00 -1.582286e+00 -1.158801e+00 3.615617e-01 6.745335e-01 1.825038e+00 2.709625e+00 2.786562e+00 3.956755e+00 4.388173e+00 5.682982e+00 7.336493e+00 9.198835e+00 8.609924e+00 8.054447e+00 9.721177e+00 8.680316e+00 8.936675e+00 9.140175e+00 9.282323e+00 8.575424e+00 7.937771e+00 8.412282e+00 9.117621e+00 9.150188e+00 9.566759e+00 9.828860e+00 1.019720e+01 9.135272e+00 8.652092e+00 8.929662e+00 7.979110e+00
1.661386e+00 9.380518e-01 1.212527e+00 1.141837e+00 7.623460e-01 1.016832e+00 6.392286e-01 -7.587195e-01 -3.050532e+00 -4.232144e+00 -5.002070e+00 -4.155054e+00 -3.810061e+00 -4.372279e+00 -5.291580e+00 -5.296775e+00 -5.317943e+00 -5.973753e+00 -6.161482e+00 -5.070221e+00 -3.177383e+00 -2.972471e+00 -2.501794e+00 -1.599749e+00 -5.460903e-01 8.391391e-01 2.091860e+00 2.937517e+00 2.860316e+00 4.343915e+00 5.315670e+00 7.361591e+00 8.670119e+00 7.831275e+00 7.714014e+00 8.447059e+00 9.319870e+00 9.550272e+00 9.177977e+00 8.773515e+00 8.355598e+00 7.752929e+00 7.774266e+00 7.928933e+00 8.565954e+00 9.577257e+00 9.841347e+00 9.995113e+00 9.602397e+00 9.228235e+00 8.183200e+00 7.967552e+00
9.452710e-01 1.589496e+00 6.201291e-01 1.433299e+00 2.882801e-01 1.036412e+00 4.997227e-01 3.329867e-01 -1.125787e+00 -3.160316e+00 -3.540084e+00 -3.728685e+00 -3.373859e+00 -3.673534e+00 -4.826059e+00 -4.407410e+00 -5.123438e+00 -5.282935e+00 -6.093853e+00 -5.658216e+00 -4.480312e+00 -4.268555e+00 -3.752769e+00 -2.413778e+00 -1.423745e+00 -2.809444e-03 1.064047e+00 2.620862e+00 3.291387e+00 4.048435e+00 5.199232e+00 5.440333e+00 7.754974e+00 8.221971e+00 7.604907e+00 8.402765e+00 8.655291e+00 9.430155e+00 8.808011e+00 9.833841e+00 8.620521e+00 8.372029e+00 8.694344e+00 7.328345e+00 7.722622e+00 9.837596e+00 9.997880e+00 1.022846e+01 1.018410e+01 9.522878e+00 9.148273e+00 8.213107e+00
2.837797e-01 6.919741e-01 7.460084e-01 1.164700e+00 6.804330e-01 1.026873e+00 8.969366e-01 6.624583e-01 1.504333e-01 -1.246388e+00 -2.457400e+00 -2.620809e+00 -3.284040e+00 -3.708857e+00 -4.385528e+00 -4.199087e+00 -4.399540e+00 -4.847287e+00 -5.462418e+00 -6.158268e+00 -6.091099e+00 -5.751282e+00 -4.649038e+00 -3.391380e+00 -2.651714e+00 -1.931982e+00 -3.984747e-01 1.122751e+00 2.907857e+00 3.894889e+00 5.327523e+00 5.765700e+00 6.484266e+00 6.190977e+00 6.882358e+00 7.397210e+00 8.191304e+00 8.598046e+00 8.619312e+00 9.043119e+00 9.755818e+00 9.167106e+00 8.994041e+00 8.424929e+00 7.766747e+00 9.230304e+00 1.037098e+01 1.109679e+01 1.113830e+01 1.045228e+01 1.017685e+01 8.743918e+00
8.214839e-01 1.140440e+00 1.414022e+00 1.840614e+00 1.658167e+00 1.444613e+00 1.250115e+00 1.774964e+00 7.233824e-01 -4.304887e-01 -1.552374e+00 -2.161584e+00 -1.942634e+00 -2.826300e+00 -2.737302e+00 -4.089682e+00 -4.129198e+00 -3.444146e+00 -4.068210e+00 -5.288471e+00 -5.375048e+00 -5.543777e+00 -4.509191e+00 -3.645148e+00 -2.923537e+00 -1.352546e+00 -5.764145e-02 7.873819e-01 1.610661e+00 4.370044e+00 5.369507e+00 6.487108e+00 6.525038e+00 6.531509e+00 7.666890e+00 8.048735e+00 9.078483e+00 8.476409e+00 8.650432e+00 8.441704e+00 9.220744e+00 9.717229e+00 9.520537e+00 8.372789e+00 8.026157e+00 8.265908e+00 9.919727e+00 1.016328e+01 1.120250e+01 1.087541e+01 1.014035e+01 9.389733e+00
6.996470e-01 1.581906e+00 1.743132e+00 2.274542e+00 2.071592e+00 1.904796e+00 2.044284e+00 2.075830e+00 1.674555e+00 7.282436e-01 -1.240023e-02 -6.244635e-01 -1.370449e+00 -1.223513e+00 -1.751437e+00 -2.879983e+00 -3.278493e+00 -2.715444e+00 -1.821520e+00 -2.696345e+00 -4.123995e+00 -4.864699e+00 -5.308891e+00 -4.852638e+00 -3.410439e+00 -1.725493e+00 -2.507000e-01 6.177406e-01 1.313083e+00 2.971186e+00 4.943469e+00 5.783259e+00 6.967286e+00 6.812273e+00 7.464315e+00 8.182384e+00 9.613695e+00 8.812266e+00 8.725266e+00 8.539050e+00 9.229812e+00 9.452650e+00 9.765150e+00 9.494112e+00 8.621712e+00 8.484688e+00 8.956059e+00 9.965214e+00 1.059302e+01 1.076457e+01 1.019160e+01 1.000368e+01
