topographies/fractal_[7,881][65,65,10].asc
ncols 65
nrows 65
xllcorner 0.0
yllcorner 0.0
cellsize 10
nodata_value 0
[rows 0 to 21 of 65, columns 0 to 50 of 65]
0.000000e+00 4.093120e-01 2.062688e-01 5.451962e-01 7.358845e-01 2.951257e-01 -3.526747e-01 -1.624815e+00 -2.429452e+00 -2.366007e+00 -2.543856e+00 -2.415996e+00 -2.357863e+00 -1.122574e+00 -8.422761e-01 -1.403531e+00 -1.188187e+00 -1.455269e+00 -9.294312e-01 -3.387050e-01 9.161737e-02 4.816632e-01 -4.860006e-02 3.910134e-01 1.568477e+00 2.756413e+00 4.241294e+00 5.002322e+00 5.523160e+00 6.623467e+00 7.007210e+00 7.374577e+00 7.036988e+00 6.596200e+00 6.654671e+00 6.929693e+00 6.787864e+00 5.188237e+00 4.302950e+00 4.079769e+00 2.986355e+00 1.608279e+00 3.846948e-01 1.338902e-01 -2.876433e-01 3.552961e-01 7.201737e-01 6.703740e-01 3.161847e-02 -3.830502e-01 -5.644775e-01
-1.029401e-01 1.047226e-01 4.652419e-02 -3.404098e-01 6.297875e-02 -3.743561e-02 -6.843175e-01 -2.369333e+00 -3.387573e+00 -2.227645e+00 -2.764057e+00 -3.453300e+00 -2.796696e+00 -1.553578e+00 -1.430582e+00 -7.359543e-01 -1.068943e+00 -2.218298e+00 -2.576355e+00 -1.342251e+00 -6.149000e-01 5.615793e-01 5.451071e-01 8.277888e-01 1.545211e+00 1.964440e+00 2.934449e+00 3.945266e+00 4.888640e+00 4.587756e+00 5.466111e+00 5.319399e+00 5.387488e+00 7.308974e+00 7.239822e+00 7.584454e+00 7.917328e+00 5.832092e+00 4.655709e+00 3.371464e+00 3.390684e+00 1.978748e+00 6.682421e-01 7.348329e-01 7.565164e-01 5.213596e-01 5.887099e-01 8.948516e-01 1.289473e+00 -1.732382e+00 -1.906084e+00
-7.905641e-01 -1.401403e-01 -2.782044e-01 -8.422738e-01 -4.213420e-01 -7.039839e-01 -1.105282e+00 -2.585810e+00 -3.665771e+00 -3.445896e+00 -2.568163e+00 -2.715953e+00 -3.413103e+00 -2.603801e+00 -1.478934e+00 -1.999643e+00 -1.564641e+00 -2.634819e+00 -3.264987e+00 -2.010034e+00 -1.392393e+00 -3.311917e-01 7.563338e-01 1.167786e+00 9.767546e-01 1.317754e+00 2.430164e+00 2.881812e+00 3.956071e+00 3.918175e+00 3.700352e+00 3.815687e+00 3.760498e+00 6.171658e+00 7.618434e+00 7.820967e+00 8.967100e+00 7.365485e+00 5.021237e+00 4.383175e+00 3.397464e+00 2.672742e+00 1.413568e+00 1.506742e+00 9.684047e-01 4.025768e-01 6.172985e-01 1.411086e+00 1.885758e+00 -5.755654e-01 -2.718228e+00
1.374085e-01 -5.623251e-01 -2.302330e-01 -8.452385e-01 -9.058229e-01 -1.629278e+00 -2.341095e+00 -3.097926e+00 -3.736102e+00 -3.754581e+00 -2.857238e+00 -2.613078e+00 -3.358013e+00 -2.324146e+00 -1.669321e+00 -1.428280e+00 -1.477650e+00 -2.067720e+00 -2.602636e+00 -3.743987e+00 -2.403772e+00 -1.461509e+00 -4.459370e-01 1.058563e-01 5.696788e-01 1.283295e+00 2.567908e+00 2.093100e+00 2.566563e+00 3.082384e+00 2.350764e+00 2.421867e+00 2.901468e+00 4.624527e+00 6.583386e+00 9.232147e+00 9.068304e+00 8.780802e+00 6.332670e+00 4.891236e+00 4.278713e+00 2.811968e+00 1.817933e+00 1.174307e+00 9.925036e-01 6.618435e-01 8.203142e-01 1.540688e+00 1.440986e+00 4.300190e-01 -1.510236e+00
2.785064e-01 8.360099e-02 -3.162924e-01 -1.032673e+00 -2.279023e+00 -2.536050e+00 -3.766994e+00 -3.761033e+00 -4.093775e+00 -3.991149e+00 -4.118509e+00 -3.218176e+00 -3.023577e+00 -2.004217e+00 -1.837155e+00 -2.278906e+00 -1.944023e+00 -1.455656e+00 -1.923576e+00 -2.649895e+00 -3.879007e+00 -3.379098e+00 -2.126149e+00 -8.300241e-01 2.777480e-01 1.401832e+00 1.982671e+00 1.576359e+00 1.794243e+00 1.409126e+00 1.355762e+00 1.440417e+00 1.668117e+00 3.881940e+00 5.474808e+00 7.993778e+00 1.005893e+01 8.861457e+00 8.277167e+00 7.136959e+00 5.118888e+00 4.377819e+00 3.147250e+00 1.999599e+00 7.063828e-01 8.334126e-01 4.137494e-01 7.723074e-01 1.904268e+00 1.136656e+00 -3.741509e-01
9.623298e-01 -3.859115e-01 -1.034614e+00 -1.428992e+00 -2.533785e+00 -2.648172e+00 -3.603109e+00 -3.592726e+00 -4.428847e+00 -3.584344e+00 -4.081611e+00 -3.283595e+00 -2.998545e+00 -2.862458e+00 -2.532910e+00 -2.662947e+00 -2.525888e+00 -1.647176e+00 -1.198877e+00 -2.381767e+00 -3.370221e+00 -3.884634e+00 -3.249666e+00 -2.258535e+00 -1.221109e+00 -2.789982e-01 3.973923e-01 1.209353e+00 6.562602e-01 1.193520e+00 1.306214e+00 3.447013e-01 1.262518e+00 1.674192e+00 4.202639e+00 6.337256e+00 8.807039e+00 1.047815e+01 9.332785e+00 8.192668e+00 7.048044e+00 4.611396e+00 3.690522e+00 3.275381e+00 1.801258e+00 8.106270e-01 8.175761e-01 1.409154e+00 1.953669e+00 1.785857e+00 3.618188e-01
1.096029e+00 2.099249e-01 -1.660363e+00 -2.428124e+00 -2.423764e+00 -2.991304e+00 -3.634564e+00 -3.886082e+00 -4.369598e+00 -4.281989e+00 -3.309629e+00 -2.787776e+00 -2.629101e+00 -2.392021e+00 -3.096889e+00 -3.177769e+00 -2.934193e+00 -2.139837e+00 -1.102158e+00 -2.580451e+00 -3.072003e+00 -3.841443e+00 -3.738608e+00 -2.571747e+00 -2.148899e+00 -1.205695e+00 -5.713788e-01 -6.844694e-01 -2.345944e-02 3.076754e-01 8.488320e-01 6.220880e-01 -1.033448e-01 1.517328e+00 2.182461e+00 4.831750e+00 6.968446e+00 8.449721e+00 1.087704e+01 9.195391e+00 8.236387e+00 6.505127e+00 4.437166e+00 3.717008e+00 2.927874e+00 1.839254e+00 6.936905e-01 1.667776e+00 2.200058e+00 1.317021e+00 1.126668e+00
1.981369e+00 -4.060477e-01 -1.718321e+00 -2.755089e+00 -2.900058e+00 -3.843386e+00 -4.670968e+00 -4.471605e+00 -4.986249e+00 -4.505844e+00 -4.462322e+00 -3.820045e+00 -3.718142e+00 -3.265102e+00 -3.358084e+00 -3.365550e+00 -3.023845e+00 -2.028754e+00 -1.100909e+00 -9.860202e-01 -2.521320e+00 -1.911145e+00 -2.583744e+00 -3.728698e+00 -3.229881e+00 -1.416571e+00 -3.412801e-01 -5.070669e-01 -1.981879e-01 -5.086619e-01 -7.287762e-01 -1.787029e-01 -5.909074e-01 4.175229e-01 1.421755e+00 2.082677e+00 4.843536e+00 6.836310e+00 9.001968e+00 1.003499e+01 9.474751e+00 7.891851e+00 5.840184e+00 4.819327e+00 3.285447e+00 2.986262e+00 2.153820e+00 1.092723e+00 1.929464e+00 2.530810e+00 1.591214e+00
1.923058e+00 -1.114330e-01 -1.222299e+00 -2.634755e+00 -3.591359e+00 -3.981542e+00 -5.166691e+00 -5.484971e+00 -5.990549e+00 -5.066478e+00 -4.684527e+00 -4.388139e+00 -3.985029e+00 -4.205686e+00 -3.697203e+00 -3.822077e+00 -3.578895e+00 -2.882381e+00 -1.962201e+00 -2.009510e+00 -1.782178e+00 -1.534418e+00 -1.655962e+00 -2.107782e+00 -3.495420e+00 -2.647703e+00 -8.933132e-01 -5.781062e-01 -1.883576e-01 -4.421093e-01 -1.391478e+00 -5.783680e-01 -6.946290e-01 4.683199e-01 1.235197e+00 2.186088e+00 2.766135e+00 4.480556e+00 6.403779e+00 8.282051e+00 1.005727e+01 8.757183e+00 6.598622e+00 5.640471e+00 4.286074e+00 3.579353e+00 3.328742e+00 3.124736e+00 2.206899e+00 2.415643e+00 1.890014e+00
2.609954e+00 1.028640e+00 -1.476865e-01 -2.355175e+00 -2.869586e+00 -3.339889e+00 -4.241343e+00 -5.497441e+00 -5.657100e+00 -6.637082e+00 -5.450148e+00 -5.548267e+00 -4.684110e+00 -4.385559e+00 -3.850503e+00 -4.294746e+00 -4.157219e+00 -3.509630e+00 -2.499713e+00 -1.662104e+00 -2.393129e+00 -2.337353e+00 -2.209965e+00 -3.656519e+00 -3.942034e+00 -3.517976e+00 -1.954378e+00 -8.105757e-01 -2.100102e-01 -1.315228e+00 -1.858667e+00 -2.105203e+00 -1.258008e+00 -6.098649e-01 2.328256e-01 2.058006e+00 2.934244e+00 4.384793e+00 6.165621e+00 8.706415e+00 1.072930e+01 9.470713e+00 8.511297e+00 7.181989e+00 5.966135e+00 3.963585e+00 3.157829e+00 3.034214e+00 2.972484e+00 2.134072e+00 1.984755e+00
3.491187e+00 2.270587e+00 3.167237e-01 -1.112187e+00 -2.986830e+00 -3.030105e+00 -3.162134e+00 -3.818234e+00 -4.987321e+00 -6.250205e+00 -7.039050e+00 -6.786245e+00 -6.010671e+00 -5.490368e+00 -4.962929e+00 -5.441030e+00 -5.218726e+00 -4.844286e+00 -3.678932e+00 -3.121634e+00 -2.166732e+00 -2.321528e+00 -3.069435e+00 -3.663883e+00 -4.691288e+00 -4.123844e+00 -2.737333e+00 -1.708600e+00 2.590245e-01 -2.109774e-01 -1.480143e+00 -1.969448e+00 -1.940651e+00 -1.271816e+00 3.200912e-02 9.126824e-01 2.474158e+00 3.932511e+00 5.420547e+00 8.345345e+00 1.091992e+01 1.076128e+01 9.744287e+00 8.281425e+00 7.059838e+00 5.341288e+00 3.554945e+00 2.790574e+00 2.906815e+00 3.003324e+00 2.346553e+00
3.717905e+00 2.067425e+00 6.412693e-01 -3.132822e-02 -1.794585e+00 -1.725549e+00 -1.582265e+00 -2.781130e+00 -3.983520e+00 -5.289132e+00 -6.400155e+00 -6.946481e+00 -5.924267e+00 -5.801902e+00 -5.967834e+00 -5.468324e+00 -5.659078e+00 -5.271677e+00 -4.516318e+00 -3.909237e+00 -2.699391e+00 -4.028359e+00 -4.312650e+00 -4.530271e+00 -4.621523e+00 -4.128353e+00 -3.137137e+00 -1.488859e+00 2.600208e-01 2.070962e-01 -1.410264e+00 -1.324905e+00 -1.888959e+00 -1.685438e+00 -5.856909e-01 4.367120e-01 2.300242e+00 3.228617e+00 5.210407e+00 7.613340e+00 1.069798e+01 1.128645e+01 9.938370e+00 1.018054e+01 8.352984e+00 6.686726e+00 5.052333e+00 3.426252e+00 2.986148e+00 2.125580e+00 2.357096e+00
3.611299e+00 1.814155e+00 7.937346e-01 3.285528e-01 -4.642260e-01 -7.014542e-01 -7.712950e-01 -9.653497e-01 -2.101921e+00 -3.509269e+00 -4.947031e+00 -5.718199e+00 -6.468775e+00 -6.043078e+00 -6.335252e+00 -6.555265e+00 -5.946113e+00 -5.926397e+00 -5.691818e+00 -4.818451e+00 -4.206425e+00 -4.551019e+00 -5.671271e+00 -5.992315e+00 -5.502413e+00 -4.233739e+00 -3.740048e+00 -2.362725e+00 -5.180016e-01 -5.521073e-01 -3.487684e-01 -1.214136e+00 -1.677715e+00 -8.628082e-01 -8.658649e-01 8.934669e-01 1.805241e+00 3.487409e+00 4.957356e+00 7.417292e+00 9.816069e+00 1.003967e+01 1.079864e+01 9.975063e+00 9.897744e+00 8.008342e+00 6.811545e+00 5.167058e+00 4.051804e+00 2.470719e+00 1.773740e+00
2.725740e+00 3.421152e+00 2.083996e+00 1.027371e+00 2.665598e-01 8.249128e-03 3.343809e-01 1.018813e-01 -3.781247e-01 -2.833580e+00 -5.065559e+00 -5.033097e+00 -6.367443e+00 -6.940253e+00 -7.085083e+00 -6.905535e+00 -7.101650e+00 -5.941510e+00 -6.334769e+00 -6.047975e+00 -4.750806e+00 -5.514064e+00 -6.246661e+00 -6.063055e+00 -5.814712e+00 -5.464123e+00 -4.706890e+00 -2.888164e+00 -6.872166e-01 -1.053646e+00 -8.127460e-01 -8.859760e-01 -1.582778e+00 -1.601829e-02 1.357208e-01 6.039492e-01 1.629965e+00 3.167559e+00 4.608209e+00 6.217143e+00 9.399470e+00 9.973186e+00 1.015351e+01 1.090285e+01 1.044254e+01 9.358796e+00 7.631871e+00 6.425549e+00 4.828918e+00 3.931744e+00 2.710920e+00
2.651137e+00 2.575821e+00 2.868781e+00 2.361501e+00 9.907806e-01 1.218403e+00 9.382765e-01 8.550691e-01 3.605413e-01 -2.235586e+00 -4.221320e+00 -4.906859e+00 -5.925691e+00 -7.031638e+00 -7.753450e+00 -7.940138e+00 -8.236933e+00 -7.694019e+00 -6.163509e+00 -6.543604e+00 -6.071102e+00 -6.096182e+00 -6.487629e+00 -6.336498e+00 -6.401608e+00 -6.032580e+00 -5.569623e+00 -3.948706e+00 -1.554104e+00 -1.239963e+00 -1.534506e+00 -1.484128e+00 -6.187843e-01 -4.176269e-01 7.694539e-01 1.480115e+00 2.244625e+00 3.132565e+00 4.068378e+00 6.579661e+00 8.240040e+00 9.215112e+00 9.438503e+00 1.048516e+01 1.087761e+01 9.561848e+00 9.213464e+00 7.132469e+00 5.999833e+00 4.858027e+00 4.590774e+00
2.615026e+00 2.395857e+00 2.494540e+00 2.695398e+00 1.678247e+00 1.340465e+00 1.552216e+00 8.572750e-01 8.799031e-01 -1.508642e+00 -4.192827e+00 -4.806003e+00 -5.454196e+00 -6.649693e+00 -6.890068e+00 -8.654321e+00 -8.360389e+00 -8.697129e+00 -8.061622e+00 -7.054206e+00 -6.655245e+00 -7.284003e+00 -7.372127e+00 -6.870391e+00 -6.594881e+00 -6.383576e+00 -5.294904e+00 -5.004820e+00 -2.450763e+00 -2.090865e+00 -2.725650e+00 -9.457519e-01 -1.110115e+00 5.992761e-01 1.175302e+00 2.527012e+00 3.600316e+00 3.840281e+00 5.411687e+00 5.784832e+00 7.520011e+00 8.613849e+00 9.548592e+00 9.944683e+00 1.026582e+01 1.091757e+01 9.493011e+00 8.942108e+00 8.075755e+00 7.205332e+00 6.843461e+00
3.213337e+00 2.673684e+00 2.256217e+00 2.411503e+00 1.657455e+00 1.825921e+00 1.857640e+00 1.891451e+00 1.040783e+00 -1.642974e+00 -3.380014e+00 -4.403675e+00 -5.973888e+00 -6.719758e+00 -6.649011e+00 -8.294725e+00 -9.023492e+00 -9.205628e+00 -9.356432e+00 -8.743509e+00 -7.998478e+00 -7.997838e+00 -7.748344e+00 -7.976121e+00 -7.245354e+00 -7.051483e+00 -5.910164e+00 -5.118409e+00 -3.891130e+00 -3.313980e+00 -3.411347e+00 -1.717069e+00 -9.497796e-01 2.126258e-01 2.212447e+00 3.662213e+00 4.297358e+00 5.174819e+00 5.844834e+00 6.491059e+00 6.893599e+00 8.433060e+00 9.292379e+00 9.498742e+00 9.873187e+00 9.712056e+00 1.031923e+01 1.017621e+01 9.248010e+00 8.405917e+00 8.525046e+00
2.707446e+00 3.588714e+00 2.800826e+00 2.766741e+00 2.738116e+00 1.698217e+00 2.357410e+00 2.785870e+00 1.802355e+00 5.907442e-01 -1.864889e+00 -2.873197e+00 -4.375159e+00 -6.401133e+00 -6.699766e+00 -7.199298e+00 -8.793064e+00 -8.501013e+00 -8.811528e+00 -7.563504e+00 -7.171073e+00 -7.414656e+00 -6.787073e+00 -6.918968e+00 -6.786325e+00 -6.444268e+00 -6.349846e+00 -5.063058e+00 -3.897482e+00 -3.134930e+00 -2.988246e+00 -1.794520e+00 -1.136878e+00 -1.128181e+00 -1.314006e-02 1.383015e+00 1.929945e+00 3.849081e+00 4.935768e+00 5.138257e+00 5.686808e+00 6.145396e+00 7.462116e+00 8.006155e+00 8.557177e+00 9.101891e+00 9.674409e+00 8.593507e+00 8.476691e+00 8.698176e+00 8.240569e+00
2.973803e+00 3.464678e+00 4.073974e+00 3.104123e+00 3.105581e+00 2.426002e+00 2.189106e+00 3.157602e+00 3.280407e+00 1.428558e+00 -5.009297e-02 -1.387825e+00 -2.540851e+00 -4.306450e+00 -6.150957e+00 -7.026252e+00 -8.299588e+00 -7.672459e+00 -7.636271e+00 -6.638686e+00 -6.379327e+00 -6.786233e+00 -6.796230e+00 -6.913920e+00 -6.070306e+00 -5.706343e+00 -6.163839e+00 -4.894569e+00 -3.498299e+00 -3.497626e+00 -3.004698e+00 -1.515991e+00 -4.630812e-01 -4.514193e-01 -1.364591e+00 -3.476716e-01 1.760375e-01 1.781350e+00 3.784577e+00 4.572687e+00 4.825683e+00 4.386759e+00 4.707200e+00 6.268481e+00 7.437194e+00 7.930605e+00 8.807077e+00 8.603570e+00 7.556422e+00 7.524556e+00 8.436938e+00
2.870673e+00 3.135033e+00 3.538420e+00 4.512917e+00 3.705124e+00 3.721638e+00 3.109411e+00 2.896809e+00 4.003869e+00 1.830029e+00 7.112549e-01 1.360145e-01 -1.149503e+00 -3.039333e+00 -4.748066e+00 -6.194756e+00 -7.565915e+00 -7.501209e+00 -7.272780e+00 -7.281447e+00 -6.215808e+00 -6.144228e+00 -5.799019e+00 -6.405306e+00 -5.244226e+00 -5.293559e+00 -4.912373e+00 -5.399196e+00 -4.716019e+00 -3.406236e+00 -3.535868e+00 -1.577066e+00 -3.165330e-01 -5.769084e-01 -1.748390e+00 -1.678019e+00 -5.182688e-01 4.048828e-01 2.043807e+00 2.722575e+00 3.330719e+00 3.141953e+00 3.587128e+00 3.687996e+00 5.272297e+00 6.377125e+00 6.548894e+00 7.794482e+00 6.671351e+00 7.347561e+00 7.627935e+00
3.421216e+00 3.376708e+00 3.049847e+00 3.563004e+00 4.011417e+00 4.411420e+00 4.708824e+00 4.244811e+00 3.735802e+00 2.303707e+00 1.242845e+00 7.915427e-01 6.342871e-01 -7.936677e-01 -2.756868e+00 -4.992712e+00 -6.232646e+00 -6.316408e+00 -6.398179e+00 -6.603272e+00 -6.531842e+00 -5.394335e+00 -4.910221e+00 -5.019355e+00 -5.020231e+00 -4.363431e+00 -4.422070e+00 -5.065636e+00 -4.997500e+00 -4.809310e+00 -3.650237e+00 -1.904981e+00 -6.614632e-01 -1.211191e+00 -1.621882e+00 -1.891318e+00 -1.994069e+00 -8.384608e-01 1.733801e-01 8.630765e-01 1.712522e+00 1.687720e+00 2.396527e+00 2.871337e+00 3.579488e+00 4.418039e+00 4.410525e+00 5.065590e+00 6.035125e+00 6.169674e+00 6.201984e+00
2.749809e+00 3.431409e+00 2.559660e+00 2.853045e+00 3.195707e+00 5.029878e+00 5.158471e+00 4.610365e+00 4.815258e+00 3.217104e+00 1.789006e+00 6.706652e-01 4.002547e-01 1.465943e-01 -1.862509e+00 -2.235879e+00 -4.262972e+00 -5.863956e+00 -5.810630e+00 -5.974604e+00 -6.202382e+00 -5.536277e+00 -4.300938e+00 -4.904266e+00 -5.094431e+00 -4.623230e+00 -4.071503e+00 -4.253924e+00 -4.410916e+00 -3.849042e+00 -3.378260e+00 -2.123329e+00 -5.481053e-01 -1.169891e+00 -1.661111e+00 -2.525475e+00 -2.317042e+00 -2.946171e+00 -1.895259e+00 -6.130125e-01 8.942593e-01 3.020851e-01 6.597058e-01 2.141162e+00 1.912601e+00 2.569857e+00 2.692939e+00 4.285420e+00 5.222081e+00 6.159255e+00 6.375436e+00
