topographies/fractal_[7,881][65,65,10].asc
ncols 65
nrows 65
xllcorner 0.0
yllcorner 0.0
cellsize 10
nodata_value 0
[rows 22 to 43 of 65, columns 0 to 50 of 65]
2.901179e+00 2.536759e+00 2.564750e+00 2.806700e+00 2.985284e+00 3.957355e+00 5.300720e+00 5.345892e+00 5.167120e+00 3.841855e+00 2.879376e+00 1.897454e+00 7.370935e-01 2.303865e-01 -7.205369e-01 -1.680817e+00 -2.624145e+00 -4.033735e+00 -4.982605e+00 -5.035774e+00 -5.433099e+00 -4.972442e+00 -4.602718e+00 -4.027817e+00 -4.441062e+00 -3.945646e+00 -3.450712e+00 -3.202513e+00 -3.789166e+00 -3.062341e+00 -2.613996e+00 -2.026655e+00 -5.855543e-01 -3.329911e-01 -9.514833e-01 -1.729743e+00 -2.540054e+00 -3.051812e+00 -3.041475e+00 -1.577595e+00 -9.124038e-01 -1.036637e+00 -1.458239e+00 -7.686046e-01 8.922136e-01 1.766623e+00 1.804941e+00 2.878768e+00 3.435462e+00 4.944874e+00 6.560938e+00
2.037700e+00 2.705165e+00 2.430121e+00 2.685738e+00 3.482463e+00 3.626921e+00 5.727118e+00 6.279419e+00 5.950453e+00 4.227687e+00 3.666371e+00 2.166902e+00 1.530715e+00 2.493125e-01 -5.517692e-01 -6.276134e-01 -1.718269e+00 -1.910688e+00 -3.715589e+00 -4.092363e+00 -3.895899e+00 -3.631405e+00 -3.303246e+00 -3.432916e+00 -3.053929e+00 -3.425320e+00 -2.679435e+00 -2.371294e+00 -2.770775e+00 -1.688466e+00 -1.557995e+00 -1.438967e+00 -2.858186e-01 -1.556697e+00 -1.752039e+00 -1.558636e+00 -2.814390e+00 -3.324242e+00 -3.020589e+00 -3.494132e+00 -2.997043e+00 -1.639975e+00 -2.329452e+00 -1.868999e+00 -5.816938e-01 -3.345700e-01 2.502474e-01 6.147839e-01 1.550751e+00 3.823467e+00 4.689353e+00
3.841961e-01 1.190745e+00 1.894065e+00 2.685434e+00 3.247422e+00 4.036541e+00 5.264277e+00 5.751162e+00 6.340161e+00 4.929715e+00 3.731630e+00 3.040337e+00 1.589558e+00 2.776720e-01 -1.427051e-01 -5.697946e-01 -3.927912e-01 -6.939965e-01 -1.829127e+00 -2.388015e+00 -2.841022e+00 -2.048384e+00 -2.099775e+00 -2.196699e+00 -2.449575e+00 -1.756710e+00 -2.035469e+00 -1.837339e+00 -2.214980e+00 -1.195608e+00 -5.229513e-02 -4.039103e-02 4.056377e-01 -4.669085e-01 -1.662322e+00 -1.809265e+00 -2.192741e+00 -3.316142e+00 -3.591807e+00 -4.046900e+00 -4.161547e+00 -3.775131e+00 -2.831131e+00 -2.791688e+00 -2.792405e+00 -1.833237e+00 -1.700433e+00 -2.894171e-01 1.578876e-01 1.777589e+00 3.301099e+00
8.674735e-01 1.544416e+00 2.402372e+00 2.018701e+00 3.327777e+00 4.014216e+00 4.835698e+00 5.638428e+00 6.069348e+00 5.684729e+00 4.499873e+00 4.294861e+00 3.020528e+00 1.878421e+00 8.983190e-01 9.956996e-01 1.170387e+00 -3.799753e-01 -9.566342e-01 -1.831984e+00 -3.166277e+00 -2.064991e+00 -1.526663e+00 -1.407351e+00 -1.970294e+00 -2.757036e+00 -2.631622e+00 -3.111520e+00 -2.970194e+00 -2.016046e+00 -5.318241e-01 -4.311406e-01 -6.997354e-02 7.007346e-01 -5.949773e-01 -2.105189e+00 -2.147355e+00 -1.352827e+00 -2.139253e+00 -3.266837e+00 -3.227043e+00 -3.775794e+00 -3.473796e+00 -2.617258e+00 -2.541717e+00 -2.989903e+00 -1.904950e+00 -7.934307e-01 3.204321e-01 2.204365e+00 2.860595e+00
1.795332e+00 1.613419e+00 2.395454e+00 2.351744e+00 2.937476e+00 3.269373e+00 4.565188e+00 5.652648e+00 6.261801e+00 5.556761e+00 5.501661e+00 4.469919e+00 4.154830e+00 3.207624e+00 2.081694e+00 1.803944e+00 2.222242e+00 3.398483e-01 -8.519826e-01 -1.604005e+00 -2.723210e+00 -2.343969e+00 -1.685711e+00 -1.615281e+00 -7.475564e-01 -1.337780e+00 -2.375901e+00 -3.036280e+00 -3.723958e+00 -3.235741e+00 -1.958691e+00 -1.763094e+00 -1.211713e+00 -7.129327e-01 3.705339e-01 -1.967873e-01 -1.624976e+00 -1.357234e+00 -1.079318e+00 -1.490969e+00 -2.633524e+00 -2.771889e+00 -3.606892e+00 -3.187765e+00 -2.837296e+00 -3.216893e+00 -2.631738e+00 -1.449562e+00 -2.590352e-01 1.268882e+00 3.323296e+00
2.363877e+00 2.828798e+00 2.995236e+00 3.382178e+00 2.870172e+00 3.925223e+00 5.026212e+00 5.772703e+00 7.072181e+00 5.584758e+00 5.085501e+00 5.099802e+00 5.176901e+00 4.221180e+00 2.673666e+00 2.282380e+00 2.097772e+00 1.500005e+00 2.860277e-02 -4.669947e-01 -1.889439e+00 -1.375519e+00 -9.912447e-01 -1.103827e+00 -1.199473e+00 -6.655399e-01 -2.248881e+00 -3.595546e+00 -4.348442e+00 -3.624456e+00 -2.929027e+00 -1.775165e+00 -1.855904e+00 -7.622385e-01 2.035972e-01 -1.189713e-01 -9.931263e-01 -1.018486e+00 -9.287974e-01 -1.455116e+00 -1.928632e+00 -2.095029e+00 -2.528187e+00 -2.876858e+00 -2.494797e+00 -2.170618e+00 -2.264367e+00 -2.237743e+00 -1.089290e+00 4.057850e-02 2.682990e+00
2.854396e+00 2.526240e+00 3.087458e+00 3.852626e+00 3.712863e+00 3.745877e+00 4.677506e+00 6.108109e+00 7.469433e+00 6.577850e+00 5.547411e+00 5.474498e+00 5.339319e+00 4.748741e+00 3.583026e+00 3.033140e+00 2.850043e+00 2.033495e+00 1.513728e+00 6.180103e-01 -7.431676e-01 -2.866881e-01 -3.870271e-01 -1.445852e-01 -8.193158e-01 -1.450070e+00 -1.554535e+00 -2.625829e+00 -3.993022e+00 -3.514382e+00 -3.035204e+00 -2.548510e+00 -1.816918e+00 -7.579729e-01 -3.793527e-01 -8.364714e-01 -5.547846e-01 -3.992864e-01 -1.048330e+00 -1.161883e+00 -1.436641e+00 -1.272751e+00 -1.274458e+00 -1.790481e+00 -1.620167e+00 -1.387273e+00 -1.237722e+00 -1.457205e+00 -2.206955e+00 -5.629975e-01 1.197218e+00
3.177873e+00 4.009245e+00 3.628386e+00 3.408536e+00 3.672323e+00 4.016585e+00 4.554733e+00 5.827945e+00 6.946508e+00 5.654596e+00 4.550663e+00 4.956911e+00 4.860079e+00 4.925375e+00 3.983690e+00 3.228383e+00 2.764257e+00 2.584322e+00 2.264281e+00 1.897960e+00 2.911419e-01 -5.898649e-02 -1.261960e-01 2.296199e-01 7.559985e-01 -1.427285e-01 -8.728553e-01 -2.542184e+00 -3.182722e+00 -4.046439e+00 -3.323821e+00 -2.634095e+00 -2.691033e+00 -1.855674e+00 -1.043779e+00 -8.634550e-01 -8.084676e-01 -1.109124e+00 -1.618459e+00 -1.327054e+00 -1.171814e+00 -2.229504e+00 -2.262007e+00 -1.679033e+00 -2.359762e+00 -1.808675e+00 -1.337605e+00 -2.035812e+00 -1.996161e+00 -5.193967e-01 6.431540e-01
3.447223e+00 4.626478e+00 4.841140e+00 4.083584e+00 3.969623e+00 4.174173e+00 3.737971e+00 5.002048e+00 6.969717e+00 5.491977e+00 4.111031e+00 3.864886e+00 3.710534e+00 4.312860e+00 4.980723e+00 3.250947e+00 2.158195e+00 2.918432e+00 2.721585e+00 2.065800e+00 1.847263e+00 1.182204e+00 6.072871e-02 9.927972e-01 1.529614e+00 1.101347e+00 1.282838e-01 -1.572326e+00 -2.662830e+00 -2.914535e+00 -3.309786e+00 -2.729526e+00 -2.797078e+00 -2.793617e+00 -2.107462e+00 -1.130244e+00 -7.101691e-01 -1.570337e+00 -1.483482e+00 -1.124333e+00 -6.870648e-01 -1.161145e+00 -2.502982e+00 -2.525238e+00 -2.129531e+00 -1.988985e+00 -1.426624e+00 -1.839573e+00 -2.302080e+00 -1.119639e+00 5.175004e-01
4.150971e+00 3.737596e+00 4.281619e+00 4.582069e+00 4.471728e+00 3.999993e+00 4.201176e+00 4.459302e+00 5.924067e+00 5.502053e+00 4.133224e+00 3.114572e+00 3.030320e+00 3.504159e+00 4.205744e+00 4.440899e+00 2.960366e+00 2.740445e+00 2.688478e+00 3.109385e+00 2.656062e+00 2.442498e+00 8.587826e-01 1.091676e+00 2.392829e+00 1.105320e+00 4.301358e-01 -6.001814e-01 -1.612117e+00 -2.463761e+00 -2.741510e+00 -3.278743e+00 -2.943588e+00 -2.910473e+00 -2.371280e+00 -1.728336e+00 -8.614159e-01 -1.268008e+00 -1.211112e+00 -8.823354e-01 -5.091667e-01 -1.305685e+00 -2.400889e+00 -2.090376e+00 -2.101252e+00 -1.631254e+00 -7.765411e-01 -1.280669e+00 -2.018677e+00 -5.818182e-01 7.883602e-01
5.482890e+00 4.668269e+00 4.236346e+00 4.952389e+00 4.971174e+00 4.653590e+00 4.370188e+00 5.367395e+00 5.500790e+00 5.360890e+00 4.262737e+00 3.871459e+00 2.604694e+00 3.369776e+00 3.647185e+00 2.857527e+00 3.011552e+00 2.523911e+00 2.797040e+00 2.867007e+00 2.922184e+00 2.228030e+00 2.057272e+00 2.669208e+00 2.573314e+00 2.394168e+00 1.377570e+00 1.114780e-01 -8.779107e-01 -1.830566e+00 -2.673152e+00 -3.411902e+00 -3.202213e+00 -2.717262e+00 -2.197817e+00 -1.784097e+00 -9.462765e-01 -1.272520e+00 -1.104804e+00 -7.750230e-01 -1.060731e+00 -1.285112e+00 -1.834314e+00 -1.769486e+00 -2.228502e+00 -1.371849e+00 -9.558215e-01 -1.121101e+00 -9.445742e-01 1.843687e-01 9.152603e-01
4.986332e+00 4.133583e+00 3.364258e+00 2.697165e+00 3.448732e+00 3.674527e+00 3.418618e+00 3.794966e+00 5.159896e+00 5.044766e+00 3.548008e+00 3.809680e+00 2.549043e+00 2.403911e+00 2.980486e+00 2.616916e+00 1.988841e+00 2.709396e+00 1.904242e+00 2.481451e+00 2.300199e+00 2.146215e+00 1.749385e+00 2.158933e+00 2.566742e+00 1.877233e+00 1.192092e+00 3.344027e-01 -2.780279e-01 -1.586578e+00 -2.895174e+00 -3.063530e+00 -3.528899e+00 -2.778792e+00 -2.945014e+00 -2.337229e+00 -2.290663e+00 -8.407206e-01 -8.498831e-01 -1.467149e+00 -1.377798e+00 -1.339496e+00 -2.376961e+00 -2.514506e+00 -2.269767e+00 -2.341798e+00 -1.179029e+00 -9.022295e-01 -5.497008e-01 -1.128468e+00 9.824242e-02
4.783303e+00 3.360875e+00 2.532946e+00 2.356753e+00 2.081450e+00 2.196273e+00 2.630562e+00 3.364098e+00 4.079542e+00 3.856031e+00 3.722991e+00 3.311649e+00 2.508092e+00 2.181616e+00 1.478285e+00 1.602733e+00 1.226887e+00 1.921963e+00 1.874589e+00 1.894986e+00 1.403261e+00 1.133420e+00 1.546543e+00 2.077230e+00 1.843094e+00 2.062286e+00 1.356278e+00 1.054403e+00 -2.027055e-01 -7.638549e-01 -2.183995e+00 -3.251291e+00 -4.191680e+00 -3.202593e+00 -3.047632e+00 -3.098237e+00 -2.661208e+00 -1.723344e+00 -5.534471e-01 -1.268314e+00 -1.615637e+00 -1.481184e+00 -1.939417e+00 -2.460358e+00 -3.113697e+00 -2.998084e+00 -1.907450e+00 -1.407572e+00 -1.127856e+00 -8.707790e-01 -5.246881e-01
4.973657e+00 3.587497e+00 2.194257e+00 1.574952e+00 1.427406e+00 1.607512e+00 2.609912e+00 1.700417e+00 2.846534e+00 1.657530e+00 1.971307e+00 2.129597e+00 1.099462e+00 1.979059e+00 9.334332e-01 5.045041e-01 6.737436e-01 1.823651e+00 1.867522e+00 1.115719e+00 1.536180e+00 7.389136e-01 9.621044e-01 8.469951e-01 7.896115e-01 1.681233e+00 5.735340e-01 4.563142e-01 -2.485716e-01 -2.215321e+00 -3.131505e+00 -3.457797e+00 -4.621313e+00 -3.878411e+00 -3.093424e+00 -3.939805e+00 -3.133024e+00 -2.523079e+00 -1.677185e+00 -8.257576e-01 -1.503243e+00 -1.965311e+00 -2.003195e+00 -1.962608e+00 -3.205269e+00 -3.049799e+00 -2.319363e+00 -2.799561e+00 -2.376616e+00 -1.252124e+00 -6.067510e-01
5.003292e+00 3.323103e+00 2.232020e+00 9.664518e-01 1.577859e-01 4.583375e-01 1.650384e+00 2.071311e+00 1.501234e+00 5.254168e-01 1.088280e-01 1.578808e-01 4.963695e-01 3.065409e-02 4.967111e-01 6.451649e-01 -4.921026e-02 1.114586e+00 1.476547e+00 1.752504e+00 1.088880e+00 2.361771e-01 -3.929055e-01 6.095045e-02 -3.823018e-01 2.060793e-01 6.478895e-01 1.002032e+00 4.837910e-01 -1.504718e+00 -3.369827e+00 -4.251940e+00 -5.403629e+00 -4.674255e+00 -3.821723e+00 -3.869000e+00 -4.037529e+00 -3.648811e+00 -3.253231e+00 -1.692541e+00 -6.804707e-01 -1.951341e+00 -2.562638e+00 -2.827421e+00 -2.823870e+00 -2.575040e+00 -3.030399e+00 -3.022813e+00 -3.067495e+00 -1.795377e+00 -1.117980e+00
4.892928e+00 4.351840e+00 2.709681e+00 2.123508e+00 2.599691e-01 -2.231813e-01 2.573721e-01 4.925518e-01 5.900816e-01 7.383930e-01 -2.769908e-01 -5.923909e-01 -2.044273e-01 1.576991e-01 -2.356744e-03 -2.831842e-01 -4.886623e-01 -4.817302e-01 9.008292e-02 5.789798e-01 1.957442e-01 -6.054773e-01 -1.503231e+00 -1.472645e+00 -1.630847e+00 -1.157508e+00 -6.652006e-01 -1.360401e+00 -4.874560e-01 -8.874423e-01 -1.955632e+00 -4.338136e+00 -5.710938e+00 -4.678531e+00 -3.949003e+00 -3.305557e+00 -3.097831e+00 -2.905344e+00 -2.510510e+00 -2.425804e+00 -7.868639e-01 -1.936767e+00 -2.875462e+00 -2.694951e+00 -2.939713e+00 -1.903946e+00 -2.397994e+00 -2.845573e+00 -3.259368e+00 -2.808501e+00 -1.921314e+00
3.961386e+00 3.747624e+00 3.188520e+00 2.284723e+00 1.136751e+00 -1.087505e-01 -1.312863e+00 -4.506324e-01 -2.996124e-01 -2.757960e-01 2.125680e-01 -8.456620e-01 -1.555319e+00 -1.143912e+00 -8.978215e-01 -1.094435e+00 -9.143067e-01 -6.367461e-01 -4.869116e-01 -2.987794e-01 -4.455353e-01 -1.270795e+00 -2.058530e+00 -2.488524e+00 -2.523711e+00 -2.325753e+00 -2.814921e+00 -2.915838e+00 -2.389183e+00 -2.345205e+00 -1.524119e+00 -3.232427e+00 -5.746212e+00 -5.420360e+00 -4.176302e+00 -3.788116e+00 -2.857328e+00 -2.404941e+00 -2.618427e+00 -2.673354e+00 -1.792269e+00 -2.073565e+00 -2.597164e+00 -2.928771e+00 -2.769262e+00 -1.697688e+00 -1.596652e+00 -2.300692e+00 -3.346085e+00 -2.999951e+00 -3.458992e+00
3.428485e+00 3.099563e+00 2.071390e+00 1.855679e+00 9.929011e-01 -5.928366e-01 -1.021728e+00 -2.036344e+00 -1.307132e+00 -1.769215e+00 -1.327142e+00 -1.398690e+00 -2.171519e+00 -2.530798e+00 -1.235865e+00 -1.648194e+00 -2.524589e+00 -2.243811e+00 -1.245734e+00 -7.908840e-01 -5.361097e-01 -1.435824e+00 -2.750944e+00 -2.683888e+00 -2.524084e+00 -3.812019e+00 -4.167327e+00 -4.177210e+00 -3.954626e+00 -3.339198e+00 -2.932971e+00 -2.651548e+00 -5.354924e+00 -4.640706e+00 -4.076273e+00 -3.083107e+00 -2.013023e+00 -3.056264e+00 -2.460985e+00 -1.858064e+00 -1.783273e+00 -3.180129e+00 -3.603904e+00 -2.772317e+00 -3.268180e+00 -1.988440e+00 -1.757660e+00 -2.004736e+00 -2.832236e+00 -2.841976e+00 -3.096603e+00
1.926046e+00 2.168123e+00 1.839741e+00 8.836890e-01 4.505096e-01 -5.764327e-01 -1.549663e+00 -1.852900e+00 -2.383135e+00 -2.225668e+00 -2.454066e+00 -2.026850e+00 -2.100296e+00 -2.434763e+00 -2.538428e+00 -3.022767e+00 -3.187716e+00 -2.918015e+00 -2.873414e+00 -2.590519e+00 -1.531778e+00 -2.644033e+00 -3.199087e+00 -3.599391e+00 -3.298758e+00 -3.773468e+00 -4.796574e+00 -4.752833e+00 -4.748957e+00 -5.039604e+00 -4.410521e+00 -4.328003e+00 -4.153261e+00 -3.986761e+00 -3.966841e+00 -3.255122e+00 -1.982199e+00 -2.705194e+00 -2.826297e+00 -2.774029e+00 -1.964967e+00 -2.632710e+00 -3.663489e+00 -3.284074e+00 -3.366071e+00 -2.821963e+00 -2.022508e+00 -2.137603e+00 -1.901166e+00 -2.319875e+00 -2.283957e+00
2.139853e+00 2.353910e+00 2.038995e+00 9.434178e-01 4.829390e-01 -6.606521e-01 -1.311079e+00 -2.419289e+00 -2.686730e+00 -3.937716e+00 -3.845212e+00 -3.531804e+00 -3.218860e+00 -2.724503e+00 -3.120103e+00 -3.932740e+00 -4.247610e+00 -4.473579e+00 -4.301738e+00 -3.819956e+00 -3.367012e+00 -3.029472e+00 -3.611092e+00 -4.299586e+00 -4.170280e+00 -3.289077e+00 -3.988342e+00 -4.366366e+00 -4.840017e+00 -5.602875e+00 -5.116545e+00 -5.263466e+00 -5.422616e+00 -4.535392e+00 -4.404295e+00 -4.081788e+00 -2.740582e+00 -2.871022e+00 -2.412622e+00 -2.733447e+00 -1.903321e+00 -1.642229e+00 -1.789483e+00 -3.564924e+00 -2.823550e+00 -2.805926e+00 -1.646198e+00 -1.704203e+00 -1.665247e+00 -1.214327e+00 -1.266200e+00
2.862808e+00 2.074352e+00 1.799822e+00 1.203418e+00 -3.463434e-02 -1.374655e+00 -1.912281e+00 -2.552719e+00 -3.310311e+00 -3.839546e+00 -4.748464e+00 -4.675615e+00 -4.649714e+00 -4.220948e+00 -3.356868e+00 -4.138159e+00 -5.682570e+00 -5.387586e+00 -4.765287e+00 -4.867156e+00 -4.269543e+00 -3.915299e+00 -4.503147e+00 -4.972779e+00 -5.623631e+00 -4.357158e+00 -3.886724e+00 -4.030896e+00 -4.215493e+00 -4.605949e+00 -5.533635e+00 -5.447801e+00 -5.868642e+00 -5.002493e+00 -3.935056e+00 -3.571745e+00 -3.634807e+00 -2.844243e+00 -2.985837e+00 -3.334897e+00 -2.828462e+00 -2.183957e+00 -5.490123e-01 -1.863178e+00 -2.847944e+00 -2.153261e+00 -2.100334e+00 -1.507035e+00 -1.376406e+00 -1.177506e+00 -1.177778e+00
2.639281e+00 2.574224e+00 2.067117e+00 1.533344e+00 7.744146e-01 -1.176928e+00 -1.814080e+00 -2.149043e+00 -2.786814e+00 -3.324526e+00 -3.931738e+00 -5.015200e+00 -4.854125e+00 -5.299546e+00 -4.018975e+00 -4.504969e+00 -5.915331e+00 -7.183506e+00 -6.463513e+00 -6.430375e+00 -5.967832e+00 -5.005689e+00 -5.406690e+00 -5.444903e+00 -6.224087e+00 -5.352917e+00 -4.392474e+00 -4.371243e+00 -5.030198e+00 -5.007711e+00 -5.688311e+00 -6.122512e+00 -5.930672e+00 -6.100094e+00 -5.036899e+00 -4.027589e+00 -3.877394e+00 -2.902580e+00 -3.203493e+00 -3.023236e+00 -2.912908e+00 -1.976461e+00 -1.189510e+00 -4.911649e-01 -1.464454e+00 -2.006456e+00 -2.015928e+00 -1.535821e+00 -6.395158e-01 -5.010112e-01 -6.119313e-01
