topographies/fractal_[7,189][65,65,10].asc
ncols 65
nrows 65
xllcorner 0.0
yllcorner 0.0
cellsize 10
nodata_value 0
[rows 23 to 45 of 65, columns 0 to 51 of 65]
7.641496e-01 1.337926e+00 1.731637e+00 1.833691e+00 1.889788e+00 2.193655e+00 2.405158e+00 2.048487e+00 1.339742e+00 1.525550e+00 6.978791e-01 -4.852925e-01 -8.837324e-01 -1.688902e+00 -1.725111e+00 -7.706006e-01 -1.390911e+00 -1.889532e+00 -1.262304e+00 -9.036713e-01 -2.350514e+00 -3.752266e+00 -3.742350e+00 -4.169929e+00 -3.912478e+00 -1.501318e+00 8.272676e-03 3.825916e-02 9.163789e-01 3.419924e+00 4.799545e+00 6.352770e+00 6.826768e+00 7.912385e+00 8.097675e+00 8.008799e+00 9.677943e+00 9.782934e+00 9.822351e+00 8.460392e+00 9.349619e+00 1.011845e+01 1.012782e+01 1.058569e+01 1.026158e+01 9.060396e+00 9.961288e+00 8.722208e+00 1.000246e+01 1.052469e+01 1.011992e+01 9.695337e+00
1.552809e+00 2.133827e+00 1.865125e+00 2.215159e+00 2.117162e+00 2.220976e+00 2.532775e+00 1.882540e+00 1.735753e+00 9.327616e-01 5.618845e-01 2.515771e-01 -9.660027e-01 -1.517348e+00 -1.155770e+00 -8.384678e-01 -4.822518e-01 -3.921558e-01 -4.078147e-01 -5.382737e-01 -9.123754e-01 -2.153958e+00 -2.985995e+00 -3.740793e+00 -3.903804e+00 -2.363708e+00 -4.020756e-01 6.713027e-01 1.264124e+00 3.242106e+00 4.726022e+00 6.390224e+00 7.350045e+00 7.560483e+00 8.728636e+00 9.109196e+00 9.085917e+00 9.771845e+00 9.941640e+00 9.238590e+00 9.062758e+00 9.602593e+00 1.040502e+01 1.053500e+01 1.113220e+01 1.020223e+01 1.018662e+01 9.589480e+00 9.425265e+00 9.806412e+00 1.062555e+01 1.043961e+01
2.112957e+00 3.221744e+00 2.889148e+00 3.003807e+00 2.805953e+00 3.253343e+00 3.093485e+00 3.047125e+00 2.836645e+00 1.724054e+00 1.954148e+00 1.386979e+00 6.657210e-01 -1.017089e+00 -1.474123e+00 -1.367118e+00 -2.301704e-01 1.084653e+00 7.227760e-01 -4.539362e-01 -6.797930e-01 -2.674755e-01 -1.201758e+00 -2.011563e+00 -2.489128e+00 -3.088513e+00 -1.325317e+00 -6.333063e-01 6.078314e-02 1.255371e+00 3.372537e+00 4.459381e+00 6.402826e+00 6.364423e+00 7.828183e+00 7.327933e+00 6.956793e+00 8.321123e+00 8.845824e+00 8.572080e+00 7.536665e+00 9.376871e+00 9.523844e+00 9.968341e+00 1.002936e+01 9.903589e+00 9.433397e+00 9.515290e+00 9.813374e+00 8.807605e+00 9.560674e+00 1.061990e+01
3.193737e+00 3.771604e+00 3.989110e+00 3.799662e+00 3.764975e+00 3.514043e+00 3.652876e+00 3.151541e+00 2.938939e+00 3.190780e+00 2.511136e+00 2.144597e+00 1.401860e+00 6.111290e-01 -8.316332e-01 -8.751017e-01 -6.176643e-01 1.044889e+00 1.741847e+00 1.322277e+00 3.465998e-01 4.474079e-01 -3.252381e-01 -9.675496e-01 -1.598682e+00 -2.525201e+00 -2.998260e+00 -1.974978e+00 -3.304033e-01 6.089497e-01 1.429845e+00 3.695955e+00 5.058738e+00 5.379930e+00 6.075284e+00 6.011403e+00 5.758144e+00 6.578832e+00 8.006493e+00 7.821244e+00 6.794541e+00 7.660653e+00 9.458711e+00 9.729850e+00 9.284573e+00 9.188923e+00 9.610316e+00 9.924665e+00 9.506398e+00 8.947073e+00 8.853042e+00 9.716869e+00
3.850857e+00 3.872319e+00 4.840608e+00 5.160316e+00 5.323392e+00 4.653060e+00 4.447895e+00 4.118729e+00 3.348078e+00 3.297995e+00 2.239474e+00 3.139871e+00 2.293409e+00 1.354572e+00 3.962822e-01 -9.275129e-01 -8.496508e-01 9.278383e-01 1.823850e+00 2.105791e+00 1.637611e+00 9.564581e-01 1.089189e+00 -4.163701e-01 -6.121826e-01 -1.166236e+00 -2.462118e+00 -3.298594e+00 -1.559440e+00 -2.937949e-01 5.868729e-01 1.971790e+00 4.335143e+00 4.324816e+00 5.758666e+00 5.466172e+00 4.566278e+00 4.899442e+00 6.230777e+00 6.786440e+00 5.848874e+00 6.944675e+00 8.607098e+00 9.167218e+00 8.664625e+00 8.762184e+00 8.552349e+00 9.311536e+00 8.889225e+00 8.757546e+00 8.593334e+00 8.691354e+00
4.599573e+00 5.064946e+00 4.828129e+00 5.325895e+00 6.206587e+00 5.552767e+00 4.635206e+00 4.032004e+00 4.418782e+00 3.276400e+00 2.929419e+00 2.869806e+00 3.164518e+00 1.933506e+00 1.054424e+00 -6.760093e-02 -3.352564e-01 1.142031e+00 1.681300e+00 1.363376e+00 1.982490e+00 2.244366e+00 1.731049e+00 4.037408e-01 7.785048e-03 -1.019243e+00 -1.156270e+00 -2.061593e+00 -2.785931e+00 -1.385382e+00 5.755608e-01 1.420692e+00 3.076879e+00 3.847190e+00 4.483322e+00 4.381830e+00 3.941865e+00 4.025026e+00 4.295841e+00 5.273843e+00 5.726172e+00 6.783562e+00 7.627663e+00 8.277889e+00 8.472360e+00 8.548642e+00 8.242267e+00 8.896022e+00 8.552457e+00 8.293510e+00 7.857675e+00 7.916314e+00
4.872817e+00 6.108878e+00 5.820983e+00 7.183766e+00 7.672979e+00 7.014110e+00 5.631992e+00 6.201846e+00 5.507381e+00 4.826648e+00 3.646980e+00 3.512089e+00 3.794259e+00 2.931272e+00 2.042618e+00 3.307610e-01 4.672608e-01 1.310258e-01 1.778852e+00 1.632367e+00 1.605866e+00 2.091790e+00 1.737139e+00 2.995612e+00 2.229151e+00 1.453916e+00 -1.033466e-01 2.929769e-01 -9.972185e-01 -2.473217e+00 -6.774321e-01 1.260209e+00 2.641915e+00 2.499011e+00 2.941880e+00 3.753491e+00 3.088566e+00 4.015044e+00 4.274049e+00 5.073465e+00 5.503648e+00 5.758944e+00 6.327982e+00 6.436670e+00 7.068714e+00 7.574893e+00 7.456955e+00 7.989156e+00 8.739862e+00 9.192686e+00 8.725577e+00 8.768362e+00
5.906980e+00 6.381755e+00 7.591531e+00 7.929549e+00 8.689586e+00 8.545502e+00 7.456581e+00 7.417515e+00 7.392380e+00 5.772829e+00 4.520877e+00 4.317908e+00 3.710386e+00 3.321378e+00 2.074680e+00 1.291276e+00 3.412063e-01 9.642901e-01 9.165358e-01 1.933680e+00 2.055583e+00 2.641584e+00 2.738200e+00 3.156957e+00 3.473340e+00 3.091260e+00 1.940459e+00 1.897639e+00 1.180970e+00 -6.044573e-01 -1.697126e+00 5.807385e-01 2.431514e+00 2.083847e+00 2.103779e+00 2.681296e+00 2.297163e+00 3.011158e+00 3.429031e+00 4.759123e+00 5.267297e+00 5.492822e+00 5.564332e+00 6.115447e+00 5.743020e+00 6.994588e+00 7.574139e+00 7.717345e+00 8.564338e+00 8.879243e+00 9.062344e+00 9.458647e+00
6.331912e+00 7.254519e+00 7.946037e+00 9.342323e+00 9.516050e+00 8.936129e+00 8.218287e+00 8.269772e+00 7.994723e+00 7.311844e+00 6.330185e+00 4.614026e+00 4.487008e+00 3.534146e+00 3.099109e+00 2.392359e+00 9.567441e-01 2.003836e+00 1.888533e+00 1.893472e+00 2.068959e+00 2.520742e+00 2.719959e+00 3.623029e+00 4.640270e+00 4.371501e+00 3.189043e+00 2.409254e+00 2.337779e+00 1.740339e+00 9.174374e-01 -8.151365e-01 1.616306e+00 2.551666e+00 2.599290e+00 2.490189e+00 2.483829e+00 2.271579e+00 2.497117e+00 3.309401e+00 5.082573e+00 4.866307e+00 5.155924e+00 5.157102e+00 5.358290e+00 5.918124e+00 6.898284e+00 7.853837e+00 7.935501e+00 8.170616e+00 9.065027e+00 8.868499e+00
7.507478e+00 8.063045e+00 8.040910e+00 9.110839e+00 1.012500e+01 9.562361e+00 9.827963e+00 8.949778e+00 8.892787e+00 8.473886e+00 8.138770e+00 6.953090e+00 5.467773e+00 4.524748e+00 3.321219e+00 2.747407e+00 2.541960e+00 2.866465e+00 2.905902e+00 2.692426e+00 2.870061e+00 3.327830e+00 3.651919e+00 4.546687e+00 5.312008e+00 4.770356e+00 5.013328e+00 4.498241e+00 3.803431e+00 3.725334e+00 2.782858e+00 1.591885e+00 9.102592e-01 1.176287e+00 2.227494e+00 2.126717e+00 1.917675e+00 2.483236e+00 2.342673e+00 3.331309e+00 4.170052e+00 4.327897e+00 3.975803e+00 4.423081e+00 4.267206e+00 5.559322e+00 6.154314e+00 6.762406e+00 7.712538e+00 7.561249e+00 8.145442e+00 8.525852e+00
6.996333e+00 7.766409e+00 8.280693e+00 9.322225e+00 9.891186e+00 9.947256e+00 9.593427e+00 9.509767e+00 8.984385e+00 7.905389e+00 8.241238e+00 7.610295e+00 6.199670e+00 5.237538e+00 4.631349e+00 4.625567e+00 3.577901e+00 3.189781e+00 2.722538e+00 4.056707e+00 4.065055e+00 3.550193e+00 4.035243e+00 4.549417e+00 5.529588e+00 5.183943e+00 5.541628e+00 5.173138e+00 4.316798e+00 2.483280e+00 1.551778e+00 2.004624e+00 5.040057e-01 1.574668e+00 2.880757e+00 2.611518e+00 2.705277e+00 2.094598e+00 1.674025e+00 3.470549e+00 4.326239e+00 4.595959e+00 4.512966e+00 4.197513e+00 4.676676e+00 4.846776e+00 5.995025e+00 7.321429e+00 8.405183e+00 7.583962e+00 7.046792e+00 7.646709e+00
6.338509e+00 6.979308e+00 7.784423e+00 8.730973e+00 9.966764e+00 9.520268e+00 9.503375e+00 9.782862e+00 9.649222e+00 8.848883e+00 7.763095e+00 7.422177e+00 7.155952e+00 6.509234e+00 5.674012e+00 5.628045e+00 5.085454e+00 3.745137e+00 3.328710e+00 3.679772e+00 4.489368e+00 4.280103e+00 3.743721e+00 4.466239e+00 6.056400e+00 5.844577e+00 5.391541e+00 4.749855e+00 4.609602e+00 3.378217e+00 1.300934e+00 1.185383e+00 5.033180e-01 1.906383e+00 3.062046e+00 3.491674e+00 3.241956e+00 2.486087e+00 1.841269e+00 2.801417e+00 3.979777e+00 4.792872e+00 4.701270e+00 4.695130e+00 4.829114e+00 5.150046e+00 5.514136e+00 6.528460e+00 8.150526e+00 7.919597e+00 6.874272e+00 7.587513e+00
5.197536e+00 6.953858e+00 7.546456e+00 7.807525e+00 9.144124e+00 9.179041e+00 8.701686e+00 9.589741e+00 9.921275e+00 9.039040e+00 8.100448e+00 8.030972e+00 7.538477e+00 6.742136e+00 5.405393e+00 6.252395e+00 5.739734e+00 5.807779e+00 4.417548e+00 4.348123e+00 4.846223e+00 4.811895e+00 4.404153e+00 5.365507e+00 5.869656e+00 6.240446e+00 5.329775e+00 4.841839e+00 4.478296e+00 3.623139e+00 2.429021e+00 1.016671e+00 9.288517e-01 5.743107e-01 1.762291e+00 2.885916e+00 3.004548e+00 3.146272e+00 3.002016e+00 2.159751e+00 3.509200e+00 4.202977e+00 4.556129e+00 5.243317e+00 5.998522e+00 5.265725e+00 6.307158e+00 6.702517e+00 7.624000e+00 7.361873e+00 6.704977e+00 5.601008e+00
4.523391e+00 5.358618e+00 6.631095e+00 7.168320e+00 7.832047e+00 7.670629e+00 7.610183e+00 8.078212e+00 9.382928e+00 8.849678e+00 7.960074e+00 8.060688e+00 7.814176e+00 6.596469e+00 6.113258e+00 6.519292e+00 6.369735e+00 6.221772e+00 5.680252e+00 5.215682e+00 4.611655e+00 4.624924e+00 4.904796e+00 5.084340e+00 6.040279e+00 6.401666e+00 5.977114e+00 5.528945e+00 4.125418e+00 3.179166e+00 2.811049e+00 2.142615e+00 5.742780e-01 1.145130e+00 1.144721e+00 2.367510e+00 3.421373e+00 3.270326e+00 3.896634e+00 3.393530e+00 2.770455e+00 3.576540e+00 4.045973e+00 5.616316e+00 6.639443e+00 6.878610e+00 6.240096e+00 7.037255e+00 7.249484e+00 7.154866e+00 6.150463e+00 5.367094e+00
5.286860e+00 5.360746e+00 6.598067e+00 6.725161e+00 7.941084e+00 7.515661e+00 7.793086e+00 8.908310e+00 9.740331e+00 9.012980e+00 8.780599e+00 8.299555e+00 8.105883e+00 7.482096e+00 6.226230e+00 6.638087e+00 6.644049e+00 6.286456e+00 5.430989e+00 5.647978e+00 5.290890e+00 4.652139e+00 4.406223e+00 5.038470e+00 5.584400e+00 5.624241e+00 5.682942e+00 4.629720e+00 3.785298e+00 3.672569e+00 2.449426e+00 1.602239e+00 3.632841e-01 5.848325e-01 1.185840e+00 1.563705e+00 3.059026e+00 2.909112e+00 3.866266e+00 2.710603e+00 2.583221e+00 3.532764e+00 4.319895e+00 4.620886e+00 6.789218e+00 6.931832e+00 6.895033e+00 7.610826e+00 8.612805e+00 6.122861e+00 6.073230e+00 5.303125e+00
5.280531e+00 5.501389e+00 5.715331e+00 6.945587e+00 7.612768e+00 7.354826e+00 7.536783e+00 8.551573e+00 9.520399e+00 9.682763e+00 9.254208e+00 8.399319e+00 7.869168e+00 7.751446e+00 7.147777e+00 6.702384e+00 6.258774e+00 5.982050e+00 6.040925e+00 6.222806e+00 5.851504e+00 4.909445e+00 4.534347e+00 5.175351e+00 6.113961e+00 4.835521e+00 4.477468e+00 3.564262e+00 2.791703e+00 2.498588e+00 2.718039e+00 1.811135e+00 7.084139e-01 7.676635e-01 8.897587e-01 1.986160e+00 2.648429e+00 3.439714e+00 3.346200e+00 2.902581e+00 1.481159e+00 3.355468e+00 5.144755e+00 5.667743e+00 5.983734e+00 6.888016e+00 8.056778e+00 8.212860e+00 9.030010e+00 7.232547e+00 5.525445e+00 4.280396e+00
5.265048e+00 5.788033e+00 5.514184e+00 5.654954e+00 6.886238e+00 8.119430e+00 7.679663e+00 8.070297e+00 9.122151e+00 9.944738e+00 9.288846e+00 9.633967e+00 8.604526e+00 8.117821e+00 7.615866e+00 6.638272e+00 6.940954e+00 6.264320e+00 6.224981e+00 6.260897e+00 5.250543e+00 5.068891e+00 4.836315e+00 4.714964e+00 5.283933e+00 4.756955e+00 3.949437e+00 2.475461e+00 1.546529e+00 2.373160e+00 2.510547e+00 1.801793e+00 8.513978e-01 1.102198e+00 1.371007e+00 1.841982e-01 1.225597e+00 1.792937e+00 2.446530e+00 3.049719e+00 2.296758e+00 2.970616e+00 5.098731e+00 6.077934e+00 6.661420e+00 7.527827e+00 8.814006e+00 8.806557e+00 8.840944e+00 8.271550e+00 6.434236e+00 5.169007e+00
5.441785e+00 5.077962e+00 5.411935e+00 5.716284e+00 5.700344e+00 7.274243e+00 8.348735e+00 8.704573e+00 9.061549e+00 9.611862e+00 9.506642e+00 9.756874e+00 9.736079e+00 9.061201e+00 8.132534e+00 7.382064e+00 6.800506e+00 6.026276e+00 5.696734e+00 5.750146e+00 5.549319e+00 4.890971e+00 4.975273e+00 4.644179e+00 4.386593e+00 3.922620e+00 2.803511e+00 2.464662e+00 1.257331e+00 1.546395e+00 1.718455e+00 1.084800e+00 1.396377e+00 1.737009e+00 1.153087e+00 5.461961e-01 -8.846566e-02 4.567666e-01 1.351525e+00 1.569334e+00 2.178196e+00 3.332297e+00 4.387155e+00 5.689959e+00 6.579441e+00 7.960542e+00 8.713224e+00 9.054110e+00 9.179888e+00 8.586609e+00 7.189161e+00 5.705330e+00
5.081454e+00 5.828561e+00 5.636808e+00 5.545265e+00 6.144125e+00 6.898885e+00 7.604417e+00 9.407117e+00 9.266470e+00 9.278420e+00 9.584447e+00 1.010390e+01 1.037154e+01 8.732445e+00 8.318592e+00 7.051343e+00 6.636552e+00 5.767315e+00 4.893215e+00 5.670339e+00 5.761705e+00 5.531830e+00 5.054547e+00 4.293770e+00 3.780166e+00 5.183929e+00 4.371043e+00 2.591645e+00 1.803748e+00 1.568312e+00 2.023980e+00 2.399087e+00 1.805405e+00 2.043924e+00 1.471761e+00 1.681998e+00 6.962970e-01 7.496495e-01 1.480075e+00 1.927717e+00 2.444117e+00 2.642645e+00 3.367437e+00 4.316350e+00 5.545433e+00 7.706613e+00 8.666050e+00 8.033399e+00 8.637253e+00 8.177593e+00 7.002301e+00 6.012681e+00
5.209032e+00 5.233209e+00 5.821262e+00 6.347413e+00 5.891954e+00 6.337645e+00 7.552802e+00 8.716838e+00 9.560214e+00 9.368583e+00 8.748228e+00 9.626360e+00 1.016347e+01 9.079530e+00 7.920467e+00 6.868815e+00 6.213681e+00 5.960658e+00 4.920207e+00 4.568906e+00 5.182979e+00 5.550339e+00 5.905207e+00 4.405470e+00 3.543420e+00 4.189775e+00 5.249424e+00 4.001718e+00 2.940862e+00 2.616781e+00 2.146814e+00 2.643711e+00 2.287623e+00 2.197347e+00 1.950467e+00 1.773031e+00 1.978184e+00 1.894244e+00 1.451452e+00 2.132547e+00 3.496917e+00 2.938438e+00 2.191207e+00 4.035191e+00 5.098354e+00 6.023095e+00 7.853279e+00 7.473263e+00 7.641525e+00 7.912691e+00 7.739557e+00 6.141634e+00
4.051918e+00 4.915177e+00 4.877209e+00 4.704775e+00 4.848867e+00 5.872268e+00 7.590645e+00 9.085759e+00 9.115103e+00 9.152259e+00 9.140708e+00 9.080787e+00 9.449502e+00 9.817218e+00 7.996649e+00 7.263086e+00 6.790117e+00 6.039748e+00 5.719111e+00 4.243342e+00 4.334234e+00 4.509522e+00 5.441824e+00 4.824900e+00 3.811371e+00 3.848665e+00 5.060199e+00 4.676218e+00 3.244166e+00 3.184960e+00 2.223774e+00 1.557470e+00 1.518597e+00 2.228118e+00 1.719742e+00 3.065857e+00 2.902617e+00 2.256791e+00 1.857368e+00 2.948611e+00 4.346605e+00 3.800578e+00 2.980690e+00 2.594305e+00 4.108112e+00 5.014701e+00 6.756221e+00 7.909742e+00 7.452988e+00 7.573294e+00 7.130443e+00 7.676534e+00
3.728960e+00 3.316350e+00 3.862614e+00 4.129052e+00 4.299033e+00 5.098811e+00 6.643801e+00 8.547906e+00 9.657976e+00 8.749966e+00 8.829431e+00 9.385845e+00 9.721577e+00 9.093761e+00 8.646148e+00 7.463875e+00 6.845829e+00 6.030328e+00 6.134135e+00 5.463886e+00 4.389760e+00 4.365371e+00 4.135150e+00 4.444053e+00 4.453332e+00 4.901081e+00 4.490471e+00 4.871085e+00 4.341160e+00 4.131189e+00 3.227117e+00 1.984676e+00 1.544243e+00 1.511422e+00 1.732074e+00 2.982653e+00 3.795909e+00 3.894982e+00 3.195930e+00 3.610000e+00 4.505774e+00 4.019579e+00 4.105406e+00 3.502134e+00 2.564540e+00 4.008310e+00 4.784792e+00 6.201172e+00 7.722632e+00 7.243793e+00 7.057765e+00 6.883886e+00
1.892328e+00 2.573049e+00 2.795801e+00 3.769837e+00 4.214253e+00 5.100067e+00 6.840608e+00 7.976124e+00 9.247051e+00 8.826596e+00 8.699324e+00 9.182669e+00 9.043188e+00 9.574730e+00 8.501297e+00 7.135623e+00 6.534480e+00 7.303387e+00 6.657296e+00 5.720352e+00 4.972302e+00 4.755063e+00 4.944909e+00 4.804865e+00 5.527340e+00 3.574847e+00 3.265663e+00 3.843676e+00 3.818416e+00 3.744213e+00 2.428538e+00 2.394844e+00 1.906566e+00 1.561677e+00 2.329711e+00 1.553170e+00 2.839853e+00 3.629196e+00 3.471547e+00 3.992947e+00 4.514604e+00 5.830182e+00 5.418237e+00 4.438535e+00 3.658766e+00 3.350945e+00 4.462993e+00 5.710874e+00 7.441916e+00 7.048731e+00 6.626620e+00 5.912753e+00
