topographies/tilt_[30,30,20][10.0,70.0].asc
ncols 30
nrows 30
xllcorner 0.0
yllcorner 0.0
cellsize 20
nodata_value 0
1.000000e+03 9.987523e+02 9.975045e+02 9.962568e+02 9.950090e+02 9.937613e+02 9.925136e+02 9.912658e+02 9.900181e+02 9.887704e+02 9.875226e+02 9.862749e+02 9.850271e+02 9.837794e+02 9.825317e+02 9.812839e+02 9.800362e+02 9.787884e+02 9.775407e+02 9.762930e+02 9.750452e+02 9.737975e+02 9.725497e+02 9.713020e+02 9.700543e+02 9.688065e+02 9.675588e+02 9.663111e+02 9.650633e+02 9.638156e+02
9.965719e+02 9.953241e+02 9.940764e+02 9.928286e+02 9.915809e+02 9.903332e+02 9.890854e+02 9.878377e+02 9.865900e+02 9.853422e+02 9.840945e+02 9.828467e+02 9.815990e+02 9.803513e+02 9.791035e+02 9.778558e+02 9.766080e+02 9.753603e+02 9.741126e+02 9.728648e+02 9.716171e+02 9.703693e+02 9.691216e+02 9.678739e+02 9.666261e+02 9.653784e+02 9.641307e+02 9.628829e+02 9.616352e+02 9.603874e+02
9.931437e+02 9.918960e+02 9.906483e+02 9.894005e+02 9.881528e+02 9.869050e+02 9.856573e+02 9.844096e+02 9.831618e+02 9.819141e+02 9.806663e+02 9.794186e+02 9.781709e+02 9.769231e+02 9.756754e+02 9.744276e+02 9.731799e+02 9.719322e+02 9.706844e+02 9.694367e+02 9.681890e+02 9.669412e+02 9.656935e+02 9.644457e+02 9.631980e+02 9.619503e+02 9.607025e+02 9.594548e+02 9.582070e+02 9.569593e+02
9.897156e+02 9.884679e+02 9.872201e+02 9.859724e+02 9.847246e+02 9.834769e+02 9.822292e+02 9.809814e+02 9.797337e+02 9.784859e+02 9.772382e+02 9.759905e+02 9.747427e+02 9.734950e+02 9.722473e+02 9.709995e+02 9.697518e+02 9.685040e+02 9.672563e+02 9.660086e+02 9.647608e+02 9.635131e+02 9.622653e+02 9.610176e+02 9.597699e+02 9.585221e+02 9.572744e+02 9.560266e+02 9.547789e+02 9.535312e+02
9.862875e+02 9.850397e+02 9.837920e+02 9.825442e+02 9.812965e+02 9.800488e+02 9.788010e+02 9.775533e+02 9.763056e+02 9.750578e+02 9.738101e+02 9.725623e+02 9.713146e+02 9.700669e+02 9.688191e+02 9.675714e+02 9.663236e+02 9.650759e+02 9.638282e+02 9.625804e+02 9.613327e+02 9.600849e+02 9.588372e+02 9.575895e+02 9.563417e+02 9.550940e+02 9.538463e+02 9.525985e+02 9.513508e+02 9.501030e+02
9.828593e+02 9.816116e+02 9.803639e+02 9.791161e+02 9.778684e+02 9.766206e+02 9.753729e+02 9.741252e+02 9.728774e+02 9.716297e+02 9.703819e+02 9.691342e+02 9.678865e+02 9.666387e+02 9.653910e+02 9.641432e+02 9.628955e+02 9.616478e+02 9.604000e+02 9.591523e+02 9.579046e+02 9.566568e+02 9.554091e+02 9.541613e+02 9.529136e+02 9.516659e+02 9.504181e+02 9.491704e+02 9.479226e+02 9.466749e+02
9.794312e+02 9.781835e+02 9.769357e+02 9.756880e+02 9.744402e+02 9.731925e+02 9.719448e+02 9.706970e+02 9.694493e+02 9.682015e+02 9.669538e+02 9.657061e+02 9.644583e+02 9.632106e+02 9.619628e+02 9.607151e+02 9.594674e+02 9.582196e+02 9.569719e+02 9.557242e+02 9.544764e+02 9.532287e+02 9.519809e+02 9.507332e+02 9.494855e+02 9.482377e+02 9.469900e+02 9.457422e+02 9.444945e+02 9.432468e+02
9.760031e+02 9.747553e+02 9.735076e+02 9.722598e+02 9.710121e+02 9.697644e+02 9.685166e+02 9.672689e+02 9.660211e+02 9.647734e+02 9.635257e+02 9.622779e+02 9.610302e+02 9.597825e+02 9.585347e+02 9.572870e+02 9.560392e+02 9.547915e+02 9.535438e+02 9.522960e+02 9.510483e+02 9.498005e+02 9.485528e+02 9.473051e+02 9.460573e+02 9.448096e+02 9.435618e+02 9.423141e+02 9.410664e+02 9.398186e+02
9.725749e+02 9.713272e+02 9.700794e+02 9.688317e+02 9.675840e+02 9.663362e+02 9.650885e+02 9.638408e+02 9.625930e+02 9.613453e+02 9.600975e+02 9.588498e+02 9.576021e+02 9.563543e+02 9.551066e+02 9.538588e+02 9.526111e+02 9.513634e+02 9.501156e+02 9.488679e+02 9.476201e+02 9.463724e+02 9.451247e+02 9.438769e+02 9.426292e+02 9.413815e+02 9.401337e+02 9.388860e+02 9.376382e+02 9.363905e+02
9.691468e+02 9.678991e+02 9.666513e+02 9.654036e+02 9.641558e+02 9.629081e+02 9.616604e+02 9.604126e+02 9.591649e+02 9.579171e+02 9.566694e+02 9.554217e+02 9.541739e+02 9.529262e+02 9.516784e+02 9.504307e+02 9.491830e+02 9.479352e+02 9.466875e+02 9.454398e+02 9.441920e+02 9.429443e+02 9.416965e+02 9.404488e+02 9.392011e+02 9.379533e+02 9.367056e+02 9.354578e+02 9.342101e+02 9.329624e+02
9.657187e+02 9.644709e+02 9.632232e+02 9.619754e+02 9.607277e+02 9.594800e+02 9.582322e+02 9.569845e+02 9.557367e+02 9.544890e+02 9.532413e+02 9.519935e+02 9.507458e+02 9.494981e+02 9.482503e+02 9.470026e+02 9.457548e+02 9.445071e+02 9.432594e+02 9.420116e+02 9.407639e+02 9.395161e+02 9.382684e+02 9.370207e+02 9.357729e+02 9.345252e+02 9.332774e+02 9.320297e+02 9.307820e+02 9.295342e+02
9.622905e+02 9.610428e+02 9.597950e+02 9.585473e+02 9.572996e+02 9.560518e+02 9.548041e+02 9.535563e+02 9.523086e+02 9.510609e+02 9.498131e+02 9.485654e+02 9.473177e+02 9.460699e+02 9.448222e+02 9.435744e+02 9.423267e+02 9.410790e+02 9.398312e+02 9.385835e+02 9.373357e+02 9.360880e+02 9.348403e+02 9.335925e+02 9.323448e+02 9.310970e+02 9.298493e+02 9.286016e+02 9.273538e+02 9.261061e+02
9.588624e+02 9.576146e+02 9.563669e+02 9.551192e+02 9.538714e+02 9.526237e+02 9.513760e+02 9.501282e+02 9.488805e+02 9.476327e+02 9.463850e+02 9.451373e+02 9.438895e+02 9.426418e+02 9.413940e+02 9.401463e+02 9.388986e+02 9.376508e+02 9.364031e+02 9.351553e+02 9.339076e+02 9.326599e+02 9.314121e+02 9.301644e+02 9.289167e+02 9.276689e+02 9.264212e+02 9.251734e+02 9.239257e+02 9.226780e+02
9.554343e+02 9.541865e+02 9.529388e+02 9.516910e+02 9.504433e+02 9.491956e+02 9.479478e+02 9.467001e+02 9.454523e+02 9.442046e+02 9.429569e+02 9.417091e+02 9.404614e+02 9.392136e+02 9.379659e+02 9.367182e+02 9.354704e+02 9.342227e+02 9.329750e+02 9.317272e+02 9.304795e+02 9.292317e+02 9.279840e+02 9.267363e+02 9.254885e+02 9.242408e+02 9.229930e+02 9.217453e+02 9.204976e+02 9.192498e+02
9.520061e+02 9.507584e+02 9.495106e+02 9.482629e+02 9.470152e+02 9.457674e+02 9.445197e+02 9.432719e+02 9.420242e+02 9.407765e+02 9.395287e+02 9.382810e+02 9.370333e+02 9.357855e+02 9.345378e+02 9.332900e+02 9.320423e+02 9.307946e+02 9.295468e+02 9.282991e+02 9.270513e+02 9.258036e+02 9.245559e+02 9.233081e+02 9.220604e+02 9.208126e+02 9.195649e+02 9.183172e+02 9.170694e+02 9.158217e+02
9.485780e+02 9.473302e+02 9.460825e+02 9.448348e+02 9.435870e+02 9.423393e+02 9.410916e+02 9.398438e+02 9.385961e+02 9.373483e+02 9.361006e+02 9.348529e+02 9.336051e+02 9.323574e+02 9.311096e+02 9.298619e+02 9.286142e+02 9.273664e+02 9.261187e+02 9.248709e+02 9.236232e+02 9.223755e+02 9.211277e+02 9.198800e+02 9.186323e+02 9.173845e+02 9.161368e+02 9.148890e+02 9.136413e+02 9.123936e+02
9.451498e+02 9.439021e+02 9.426544e+02 9.414066e+02 9.401589e+02 9.389112e+02 9.376634e+02 9.364157e+02 9.351679e+02 9.339202e+02 9.326725e+02 9.314247e+02 9.301770e+02 9.289292e+02 9.276815e+02 9.264338e+02 9.251860e+02 9.239383e+02 9.226905e+02 9.214428e+02 9.201951e+02 9.189473e+02 9.176996e+02 9.164519e+02 9.152041e+02 9.139564e+02 9.127086e+02 9.114609e+02 9.102132e+02 9.089654e+02
9.417217e+02 9.404740e+02 9.392262e+02 9.379785e+02 9.367308e+02 9.354830e+02 9.342353e+02 9.329875e+02 9.317398e+02 9.304921e+02 9.292443e+02 9.279966e+02 9.267488e+02 9.255011e+02 9.242534e+02 9.230056e+02 9.217579e+02 9.205102e+02 9.192624e+02 9.180147e+02 9.167669e+02 9.155192e+02 9.142715e+02 9.130237e+02 9.117760e+02 9.105282e+02 9.092805e+02 9.080328e+02 9.067850e+02 9.055373e+02
9.382936e+02 9.370458e+02 9.357981e+02 9.345504e+02 9.333026e+02 9.320549e+02 9.308071e+02 9.295594e+02 9.283117e+02 9.270639e+02 9.258162e+02 9.245685e+02 9.233207e+02 9.220730e+02 9.208252e+02 9.195775e+02 9.183298e+02 9.170820e+02 9.158343e+02 9.145865e+02 9.133388e+02 9.120911e+02 9.108433e+02 9.095956e+02 9.083478e+02 9.071001e+02 9.058524e+02 9.046046e+02 9.033569e+02 9.021092e+02
9.348654e+02 9.336177e+02 9.323700e+02 9.311222e+02 9.298745e+02 9.286268e+02 9.273790e+02 9.261313e+02 9.248835e+02 9.236358e+02 9.223881e+02 9.211403e+02 9.198926e+02 9.186448e+02 9.173971e+02 9.161494e+02 9.149016e+02 9.136539e+02 9.124061e+02 9.111584e+02 9.099107e+02 9.086629e+02 9.074152e+02 9.061675e+02 9.049197e+02 9.036720e+02 9.024242e+02 9.011765e+02 8.999288e+02 8.986810e+02
9.314373e+02 9.301896e+02 9.289418e+02 9.276941e+02 9.264464e+02 9.251986e+02 9.239509e+02 9.227031e+02 9.214554e+02 9.202077e+02 9.189599e+02 9.177122e+02 9.164644e+02 9.152167e+02 9.139690e+02 9.127212e+02 9.114735e+02 9.102258e+02 9.089780e+02 9.077303e+02 9.064825e+02 9.052348e+02 9.039871e+02 9.027393e+02 9.014916e+02 9.002438e+02 8.989961e+02 8.977484e+02 8.965006e+02 8.952529e+02
9.280092e+02 9.267614e+02 9.255137e+02 9.242660e+02 9.230182e+02 9.217705e+02 9.205227e+02 9.192750e+02 9.180273e+02 9.167795e+02 9.155318e+02 9.142840e+02 9.130363e+02 9.117886e+02 9.105408e+02 9.092931e+02 9.080454e+02 9.067976e+02 9.055499e+02 9.043021e+02 9.030544e+02 9.018067e+02 9.005589e+02 8.993112e+02 8.980634e+02 8.968157e+02 8.955680e+02 8.943202e+02 8.930725e+02 8.918248e+02
9.245810e+02 9.233333e+02 9.220856e+02 9.208378e+02 9.195901e+02 9.183423e+02 9.170946e+02 9.158469e+02 9.145991e+02 9.133514e+02 9.121037e+02 9.108559e+02 9.096082e+02 9.083604e+02 9.071127e+02 9.058650e+02 9.046172e+02 9.033695e+02 9.021217e+02 9.008740e+02 8.996263e+02 8.983785e+02 8.971308e+02 8.958830e+02 8.946353e+02 8.933876e+02 8.921398e+02 8.908921e+02 8.896444e+02 8.883966e+02
9.211529e+02 9.199052e+02 9.186574e+02 9.174097e+02 9.161620e+02 9.149142e+02 9.136665e+02 9.124187e+02 9.111710e+02 9.099233e+02 9.086755e+02 9.074278e+02 9.061800e+02 9.049323e+02 9.036846e+02 9.024368e+02 9.011891e+02 8.999413e+02 8.986936e+02 8.974459e+02 8.961981e+02 8.949504e+02 8.937027e+02 8.924549e+02 8.912072e+02 8.899594e+02 8.887117e+02 8.874640e+02 8.862162e+02 8.849685e+02
9.177248e+02 9.164770e+02 9.152293e+02 9.139816e+02 9.127338e+02 9.114861e+02 9.102383e+02 9.089906e+02 9.077429e+02 9.064951e+02 9.052474e+02 9.039996e+02 9.027519e+02 9.015042e+02 9.002564e+02 8.990087e+02 8.977610e+02 8.965132e+02 8.952655e+02 8.940177e+02 8.927700e+02 8.915223e+02 8.902745e+02 8.890268e+02 8.877790e+02 8.865313e+02 8.852836e+02 8.840358e+02 8.827881e+02 8.815403e+02
9.142966e+02 9.130489e+02 9.118012e+02 9.105534e+02 9.093057e+02 9.080579e+02 9.068102e+02 9.055625e+02 9.043147e+02 9.030670e+02 9.018193e+02 9.005715e+02 8.993238e+02 8.980760e+02 8.968283e+02 8.955806e+02 8.943328e+02 8.930851e+02 8.918373e+02 8.905896e+02 8.893419e+02 8.880941e+02 8.868464e+02 8.855986e+02 8.843509e+02 8.831032e+02 8.818554e+02 8.806077e+02 8.793600e+02 8.781122e+02
9.108685e+02 9.096208e+02 9.083730e+02 9.071253e+02 9.058776e+02 9.046298e+02 9.033821e+02 9.021343e+02 9.008866e+02 8.996389e+02 8.983911e+02 8.971434e+02 8.958956e+02 8.946479e+02 8.934002e+02 8.921524e+02 8.909047e+02 8.896569e+02 8.884092e+02 8.871615e+02 8.859137e+02 8.846660e+02 8.834183e+02 8.821705e+02 8.809228e+02 8.796750e+02 8.784273e+02 8.771796e+02 8.759318e+02 8.746841e+02
9.074404e+02 9.061926e+02 9.049449e+02 9.036972e+02 9.024494e+02 9.012017e+02 8.999539e+02 8.987062e+02 8.974585e+02 8.962107e+02 8.949630e+02 8.937152e+02 8.924675e+02 8.912198e+02 8.899720e+02 8.887243e+02 8.874765e+02 8.862288e+02 8.849811e+02 8.837333e+02 8.824856e+02 8.812379e+02 8.799901e+02 8.787424e+02 8.774946e+02 8.762469e+02 8.749992e+02 8.737514e+02 8.725037e+02 8.712559e+02
9.040122e+02 9.027645e+02 9.015168e+02 9.002690e+02 8.990213e+02 8.977735e+02 8.965258e+02 8.952781e+02 8.940303e+02 8.927826e+02 8.915348e+02 8.902871e+02 8.890394e+02 8.877916e+02 8.865439e+02 8.852962e+02 8.840484e+02 8.828007e+02 8.815529e+02 8.803052e+02 8.790575e+02 8.778097e+02 8.765620e+02 8.753142e+02 8.740665e+02 8.728188e+02 8.715710e+02 8.703233e+02 8.690755e+02 8.678278e+02
9.005841e+02 8.993364e+02 8.980886e+02 8.968409e+02 8.955931e+02 8.943454e+02 8.930977e+02 8.918499e+02 8.906022e+02 8.893545e+02 8.881067e+02 8.868590e+02 8.856112e+02 8.843635e+02 8.831158e+02 8.818680e+02 8.806203e+02 8.793725e+02 8.781248e+02 8.768771e+02 8.756293e+02 8.743816e+02 8.731338e+02 8.718861e+02 8.706384e+02 8.693906e+02 8.681429e+02 8.668952e+02 8.656474e+02 8.643997e+02
