topographies/valley26.41_[100,100,10][35.36,0.00,-35.36,270.00].asc
ncols 100
nrows 100
xllcorner 0.0
yllcorner 0.0
cellsize 10
nodata_value 0
[rows 69 to 91 of 100, columns 0 to 51 of 100]
1.000000e+03 9.928334e+02 9.856669e+02 9.785003e+02 9.713337e+02 9.641671e+02 9.570006e+02 9.498340e+02 9.426674e+02 9.355009e+02 9.283343e+02 9.211677e+02 9.140012e+02 9.068346e+02 8.996680e+02 8.925014e+02 8.853349e+02 8.781683e+02 8.710017e+02 8.638352e+02 8.566686e+02 8.495020e+02 8.423354e+02 8.351689e+02 8.280023e+02 8.208357e+02 8.136692e+02 8.065026e+02 7.993360e+02 7.921694e+02 7.850029e+02 7.850029e+02 7.850029e+02 7.850029e+02 7.850029e+02 7.850029e+02 7.850029e+02 7.850029e+02 7.850029e+02 7.850029e+02 7.850029e+02 7.850029e+02 7.850029e+02 7.850029e+02 7.850029e+02 7.850029e+02 7.850029e+02 7.850029e+02 7.850029e+02 7.850029e+02 7.850029e+02 7.850029e+02
1.000000e+03 9.928334e+02 9.856669e+02 9.785003e+02 9.713337e+02 9.641671e+02 9.570006e+02 9.498340e+02 9.426674e+02 9.355009e+02 9.283343e+02 9.211677e+02 9.140012e+02 9.068346e+02 8.996680e+02 8.925014e+02 8.853349e+02 8.781683e+02 8.710017e+02 8.638352e+02 8.566686e+02 8.495020e+02 8.423354e+02 8.351689e+02 8.280023e+02 8.208357e+02 8.136692e+02 8.065026e+02 7.993360e+02 7.921694e+02 7.921694e+02 7.921694e+02 7.921694e+02 7.921694e+02 7.921694e+02 7.921694e+02 7.921694e+02 7.921694e+02 7.921694e+02 7.921694e+02 7.921694e+02 7.921694e+02 7.921694e+02 7.921694e+02 7.921694e+02 7.921694e+02 7.921694e+02 7.921694e+02 7.921694e+02 7.921694e+02 7.921694e+02 7.921694e+02
1.000000e+03 9.928334e+02 9.856669e+02 9.785003e+02 9.713337e+02 9.641671e+02 9.570006e+02 9.498340e+02 9.426674e+02 9.355009e+02 9.283343e+02 9.211677e+02 9.140012e+02 9.068346e+02 8.996680e+02 8.925014e+02 8.853349e+02 8.781683e+02 8.710017e+02 8.638352e+02 8.566686e+02 8.495020e+02 8.423354e+02 8.351689e+02 8.280023e+02 8.208357e+02 8.136692e+02 8.065026e+02 7.993360e+02 7.993360e+02 7.993360e+02 7.993360e+02 7.993360e+02 7.993360e+02 7.993360e+02 7.993360e+02 7.993360e+02 7.993360e+02 7.993360e+02 7.993360e+02 7.993360e+02 7.993360e+02 7.993360e+02 7.993360e+02 7.993360e+02 7.993360e+02 7.993360e+02 7.993360e+02 7.993360e+02 7.993360e+02 7.993360e+02 7.993360e+02
1.000000e+03 9.928334e+02 9.856669e+02 9.785003e+02 9.713337e+02 9.641671e+02 9.570006e+02 9.498340e+02 9.426674e+02 9.355009e+02 9.283343e+02 9.211677e+02 9.140012e+02 9.068346e+02 8.996680e+02 8.925014e+02 8.853349e+02 8.781683e+02 8.710017e+02 8.638352e+02 8.566686e+02 8.495020e+02 8.423354e+02 8.351689e+02 8.280023e+02 8.208357e+02 8.136692e+02 8.065026e+02 8.065026e+02 8.065026e+02 8.065026e+02 8.065026e+02 8.065026e+02 8.065026e+02 8.065026e+02 8.065026e+02 8.065026e+02 8.065026e+02 8.065026e+02 8.065026e+02 8.065026e+02 8.065026e+02 8.065026e+02 8.065026e+02 8.065026e+02 8.065026e+02 8.065026e+02 8.065026e+02 8.065026e+02 8.065026e+02 8.065026e+02 8.065026e+02
1.000000e+03 9.928334e+02 9.856669e+02 9.785003e+02 9.713337e+02 9.641671e+02 9.570006e+02 9.498340e+02 9.426674e+02 9.355009e+02 9.283343e+02 9.211677e+02 9.140012e+02 9.068346e+02 8.996680e+02 8.925014e+02 8.853349e+02 8.781683e+02 8.710017e+02 8.638352e+02 8.566686e+02 8.495020e+02 8.423354e+02 8.351689e+02 8.280023e+02 8.208357e+02 8.136692e+02 8.136692e+02 8.136692e+02 8.136692e+02 8.136692e+02 8.136692e+02 8.136692e+02 8.136692e+02 8.136692e+02 8.136692e+02 8.136692e+02 8.136692e+02 8.136692e+02 8.136692e+02 8.136692e+02 8.136692e+02 8.136692e+02 8.136692e+02 8.136692e+02 8.136692e+02 8.136692e+02 8.136692e+02 8.136692e+02 8.136692e+02 8.136692e+02 8.136692e+02
1.000000e+03 9.928334e+02 9.856669e+02 9.785003e+02 9.713337e+02 9.641671e+02 9.570006e+02 9.498340e+02 9.426674e+02 9.355009e+02 9.283343e+02 9.211677e+02 9.140012e+02 9.068346e+02 8.996680e+02 8.925014e+02 8.853349e+02 8.781683e+02 8.710017e+02 8.638352e+02 8.566686e+02 8.495020e+02 8.423354e+02 8.351689e+02 8.280023e+02 8.208357e+02 8.208357e+02 8.208357e+02 8.208357e+02 8.208357e+02 8.208357e+02 8.208357e+02 8.208357e+02 8.208357e+02 8.208357e+02 8.208357e+02 8.208357e+02 8.208357e+02 8.208357e+02 8.208357e+02 8.208357e+02 8.208357e+02 8.208357e+02 8.208357e+02 8.208357e+02 8.208357e+02 8.208357e+02 8.208357e+02 8.208357e+02 8.208357e+02 8.208357e+02 8.208357e+02
1.000000e+03 9.928334e+02 9.856669e+02 9.785003e+02 9.713337e+02 9.641671e+02 9.570006e+02 9.498340e+02 9.426674e+02 9.355009e+02 9.283343e+02 9.211677e+02 9.140012e+02 9.068346e+02 8.996680e+02 8.925014e+02 8.853349e+02 8.781683e+02 8.710017e+02 8.638352e+02 8.566686e+02 8.495020e+02 8.423354e+02 8.351689e+02 8.280023e+02 8.280023e+02 8.280023e+02 8.280023e+02 8.280023e+02 8.280023e+02 8.280023e+02 8.280023e+02 8.280023e+02 8.280023e+02 8.280023e+02 8.280023e+02 8.280023e+02 8.280023e+02 8.280023e+02 8.280023e+02 8.280023e+02 8.280023e+02 8.280023e+02 8.280023e+02 8.280023e+02 8.280023e+02 8.280023e+02 8.280023e+02 8.280023e+02 8.280023e+02 8.280023e+02 8.280023e+02
1.000000e+03 9.928334e+02 9.856669e+02 9.785003e+02 9.713337e+02 9.641671e+02 9.570006e+02 9.498340e+02 9.426674e+02 9.355009e+02 9.283343e+02 9.211677e+02 9.140012e+02 9.068346e+02 8.996680e+02 8.925014e+02 8.853349e+02 8.781683e+02 8.710017e+02 8.638352e+02 8.566686e+02 8.495020e+02 8.423354e+02 8.351689e+02 8.351689e+02 8.351689e+02 8.351689e+02 8.351689e+02 8.351689e+02 8.351689e+02 8.351689e+02 8.351689e+02 8.351689e+02 8.351689e+02 8.351689e+02 8.351689e+02 8.351689e+02 8.351689e+02 8.351689e+02 8.351689e+02 8.351689e+02 8.351689e+02 8.351689e+02 8.351689e+02 8.351689e+02 8.351689e+02 8.351689e+02 8.351689e+02 8.351689e+02 8.351689e+02 8.351689e+02 8.351689e+02
1.000000e+03 9.928334e+02 9.856669e+02 9.785003e+02 9.713337e+02 9.641671e+02 9.570006e+02 9.498340e+02 9.426674e+02 9.355009e+02 9.283343e+02 9.211677e+02 9.140012e+02 9.068346e+02 8.996680e+02 8.925014e+02 8.853349e+02 8.781683e+02 8.710017e+02 8.638352e+02 8.566686e+02 8.495020e+02 8.423354e+02 8.423354e+02 8.423354e+02 8.423354e+02 8.423354e+02 8.423354e+02 8.423354e+02 8.423354e+02 8.423354e+02 8.423354e+02 8.423354e+02 8.423354e+02 8.423354e+02 8.423354e+02 8.423354e+02 8.423354e+02 8.423354e+02 8.423354e+02 8.423354e+02 8.423354e+02 8.423354e+02 8.423354e+02 8.423354e+02 8.423354e+02 8.423354e+02 8.423354e+02 8.423354e+02 8.423354e+02 8.423354e+02 8.423354e+02
1.000000e+03 9.928334e+02 9.856669e+02 9.785003e+02 9.713337e+02 9.641671e+02 9.570006e+02 9.498340e+02 9.426674e+02 9.355009e+02 9.283343e+02 9.211677e+02 9.140012e+02 9.068346e+02 8.996680e+02 8.925014e+02 8.853349e+02 8.781683e+02 8.710017e+02 8.638352e+02 8.566686e+02 8.495020e+02 8.495020e+02 8.495020e+02 8.495020e+02 8.495020e+02 8.495020e+02 8.495020e+02 8.495020e+02 8.495020e+02 8.495020e+02 8.495020e+02 8.495020e+02 8.495020e+02 8.495020e+02 8.495020e+02 8.495020e+02 8.495020e+02 8.495020e+02 8.495020e+02 8.495020e+02 8.495020e+02 8.495020e+02 8.495020e+02 8.495020e+02 8.495020e+02 8.495020e+02 8.495020e+02 8.495020e+02 8.495020e+02 8.495020e+02 8.495020e+02
1.000000e+03 9.928334e+02 9.856669e+02 9.785003e+02 9.713337e+02 9.641671e+02 9.570006e+02 9.498340e+02 9.426674e+02 9.355009e+02 9.283343e+02 9.211677e+02 9.140012e+02 9.068346e+02 8.996680e+02 8.925014e+02 8.853349e+02 8.781683e+02 8.710017e+02 8.638352e+02 8.566686e+02 8.566686e+02 8.566686e+02 8.566686e+02 8.566686e+02 8.566686e+02 8.566686e+02 8.566686e+02 8.566686e+02 8.566686e+02 8.566686e+02 8.566686e+02 8.566686e+02 8.566686e+02 8.566686e+02 8.566686e+02 8.566686e+02 8.566686e+02 8.566686e+02 8.566686e+02 8.566686e+02 8.566686e+02 8.566686e+02 8.566686e+02 8.566686e+02 8.566686e+02 8.566686e+02 8.566686e+02 8.566686e+02 8.566686e+02 8.566686e+02 8.566686e+02
1.000000e+03 9.928334e+02 9.856669e+02 9.785003e+02 9.713337e+02 9.641671e+02 9.570006e+02 9.498340e+02 9.426674e+02 9.355009e+02 9.283343e+02 9.211677e+02 9.140012e+02 9.068346e+02 8.996680e+02 8.925014e+02 8.853349e+02 8.781683e+02 8.710017e+02 8.638352e+02 8.638352e+02 8.638352e+02 8.638352e+02 8.638352e+02 8.638352e+02 8.638352e+02 8.638352e+02 8.638352e+02 8.638352e+02 8.638352e+02 8.638352e+02 8.638352e+02 8.638352e+02 8.638352e+02 8.638352e+02 8.638352e+02 8.638352e+02 8.638352e+02 8.638352e+02 8.638352e+02 8.638352e+02 8.638352e+02 8.638352e+02 8.638352e+02 8.638352e+02 8.638352e+02 8.638352e+02 8.638352e+02 8.638352e+02 8.638352e+02 8.638352e+02 8.638352e+02
1.000000e+03 9.928334e+02 9.856669e+02 9.785003e+02 9.713337e+02 9.641671e+02 9.570006e+02 9.498340e+02 9.426674e+02 9.355009e+02 9.283343e+02 9.211677e+02 9.140012e+02 9.068346e+02 8.996680e+02 8.925014e+02 8.853349e+02 8.781683e+02 8.710017e+02 8.710017e+02 8.710017e+02 8.710017e+02 8.710017e+02 8.710017e+02 8.710017e+02 8.710017e+02 8.710017e+02 8.710017e+02 8.710017e+02 8.710017e+02 8.710017e+02 8.710017e+02 8.710017e+02 8.710017e+02 8.710017e+02 8.710017e+02 8.710017e+02 8.710017e+02 8.710017e+02 8.710017e+02 8.710017e+02 8.710017e+02 8.710017e+02 8.710017e+02 8.710017e+02 8.710017e+02 8.710017e+02 8.710017e+02 8.710017e+02 8.710017e+02 8.710017e+02 8.710017e+02
1.000000e+03 9.928334e+02 9.856669e+02 9.785003e+02 9.713337e+02 9.641671e+02 9.570006e+02 9.498340e+02 9.426674e+02 9.355009e+02 9.283343e+02 9.211677e+02 9.140012e+02 9.068346e+02 8.996680e+02 8.925014e+02 8.853349e+02 8.781683e+02 8.781683e+02 8.781683e+02 8.781683e+02 8.781683e+02 8.781683e+02 8.781683e+02 8.781683e+02 8.781683e+02 8.781683e+02 8.781683e+02 8.781683e+02 8.781683e+02 8.781683e+02 8.781683e+02 8.781683e+02 8.781683e+02 8.781683e+02 8.781683e+02 8.781683e+02 8.781683e+02 8.781683e+02 8.781683e+02 8.781683e+02 8.781683e+02 8.781683e+02 8.781683e+02 8.781683e+02 8.781683e+02 8.781683e+02 8.781683e+02 8.781683e+02 8.781683e+02 8.781683e+02 8.781683e+02
1.000000e+03 9.928334e+02 9.856669e+02 9.785003e+02 9.713337e+02 9.641671e+02 9.570006e+02 9.498340e+02 9.426674e+02 9.355009e+02 9.283343e+02 9.211677e+02 9.140012e+02 9.068346e+02 8.996680e+02 8.925014e+02 8.853349e+02 8.853349e+02 8.853349e+02 8.853349e+02 8.853349e+02 8.853349e+02 8.853349e+02 8.853349e+02 8.853349e+02 8.853349e+02 8.853349e+02 8.853349e+02 8.853349e+02 8.853349e+02 8.853349e+02 8.853349e+02 8.853349e+02 8.853349e+02 8.853349e+02 8.853349e+02 8.853349e+02 8.853349e+02 8.853349e+02 8.853349e+02 8.853349e+02 8.853349e+02 8.853349e+02 8.853349e+02 8.853349e+02 8.853349e+02 8.853349e+02 8.853349e+02 8.853349e+02 8.853349e+02 8.853349e+02 8.853349e+02
1.000000e+03 9.928334e+02 9.856669e+02 9.785003e+02 9.713337e+02 9.641671e+02 9.570006e+02 9.498340e+02 9.426674e+02 9.355009e+02 9.283343e+02 9.211677e+02 9.140012e+02 9.068346e+02 8.996680e+02 8.925014e+02 8.925014e+02 8.925014e+02 8.925014e+02 8.925014e+02 8.925014e+02 8.925014e+02 8.925014e+02 8.925014e+02 8.925014e+02 8.925014e+02 8.925014e+02 8.925014e+02 8.925014e+02 8.925014e+02 8.925014e+02 8.925014e+02 8.925014e+02 8.925014e+02 8.925014e+02 8.925014e+02 8.925014e+02 8.925014e+02 8.925014e+02 8.925014e+02 8.925014e+02 8.925014e+02 8.925014e+02 8.925014e+02 8.925014e+02 8.925014e+02 8.925014e+02 8.925014e+02 8.925014e+02 8.925014e+02 8.925014e+02 8.925014e+02
1.000000e+03 9.928334e+02 9.856669e+02 9.785003e+02 9.713337e+02 9.641671e+02 9.570006e+02 9.498340e+02 9.426674e+02 9.355009e+02 9.283343e+02 9.211677e+02 9.140012e+02 9.068346e+02 8.996680e+02 8.996680e+02 8.996680e+02 8.996680e+02 8.996680e+02 8.996680e+02 8.996680e+02 8.996680e+02 8.996680e+02 8.996680e+02 8.996680e+02 8.996680e+02 8.996680e+02 8.996680e+02 8.996680e+02 8.996680e+02 8.996680e+02 8.996680e+02 8.996680e+02 8.996680e+02 8.996680e+02 8.996680e+02 8.996680e+02 8.996680e+02 8.996680e+02 8.996680e+02 8.996680e+02 8.996680e+02 8.996680e+02 8.996680e+02 8.996680e+02 8.996680e+02 8.996680e+02 8.996680e+02 8.996680e+02 8.996680e+02 8.996680e+02 8.996680e+02
1.000000e+03 9.928334e+02 9.856669e+02 9.785003e+02 9.713337e+02 9.641671e+02 9.570006e+02 9.498340e+02 9.426674e+02 9.355009e+02 9.283343e+02 9.211677e+02 9.140012e+02 9.068346e+02 9.068346e+02 9.068346e+02 9.068346e+02 9.068346e+02 9.068346e+02 9.068346e+02 9.068346e+02 9.068346e+02 9.068346e+02 9.068346e+02 9.068346e+02 9.068346e+02 9.068346e+02 9.068346e+02 9.068346e+02 9.068346e+02 9.068346e+02 9.068346e+02 9.068346e+02 9.068346e+02 9.068346e+02 9.068346e+02 9.068346e+02 9.068346e+02 9.068346e+02 9.068346e+02 9.068346e+02 9.068346e+02 9.068346e+02 9.068346e+02 9.068346e+02 9.068346e+02 9.068346e+02 9.068346e+02 9.068346e+02 9.068346e+02 9.068346e+02 9.068346e+02
1.000000e+03 9.928334e+02 9.856669e+02 9.785003e+02 9.713337e+02 9.641671e+02 9.570006e+02 9.498340e+02 9.426674e+02 9.355009e+02 9.283343e+02 9.211677e+02 9.140012e+02 9.140012e+02 9.140012e+02 9.140012e+02 9.140012e+02 9.140012e+02 9.140012e+02 9.140012e+02 9.140012e+02 9.140012e+02 9.140012e+02 9.140012e+02 9.140012e+02 9.140012e+02 9.140012e+02 9.140012e+02 9.140012e+02 9.140012e+02 9.140012e+02 9.140012e+02 9.140012e+02 9.140012e+02 9.140012e+02 9.140012e+02 9.140012e+02 9.140012e+02 9.140012e+02 9.140012e+02 9.140012e+02 9.140012e+02 9.140012e+02 9.140012e+02 9.140012e+02 9.140012e+02 9.140012e+02 9.140012e+02 9.140012e+02 9.140012e+02 9.140012e+02 9.140012e+02
1.000000e+03 9.928334e+02 9.856669e+02 9.785003e+02 9.713337e+02 9.641671e+02 9.570006e+02 9.498340e+02 9.426674e+02 9.355009e+02 9.283343e+02 9.211677e+02 9.211677e+02 9.211677e+02 9.211677e+02 9.211677e+02 9.211677e+02 9.211677e+02 9.211677e+02 9.211677e+02 9.211677e+02 9.211677e+02 9.211677e+02 9.211677e+02 9.211677e+02 9.211677e+02 9.211677e+02 9.211677e+02 9.211677e+02 9.211677e+02 9.211677e+02 9.211677e+02 9.211677e+02 9.211677e+02 9.211677e+02 9.211677e+02 9.211677e+02 9.211677e+02 9.211677e+02 9.211677e+02 9.211677e+02 9.211677e+02 9.211677e+02 9.211677e+02 9.211677e+02 9.211677e+02 9.211677e+02 9.211677e+02 9.211677e+02 9.211677e+02 9.211677e+02 9.211677e+02
1.000000e+03 9.928334e+02 9.856669e+02 9.785003e+02 9.713337e+02 9.641671e+02 9.570006e+02 9.498340e+02 9.426674e+02 9.355009e+02 9.283343e+02 9.283343e+02 9.283343e+02 9.283343e+02 9.283343e+02 9.283343e+02 9.283343e+02 9.283343e+02 9.283343e+02 9.283343e+02 9.283343e+02 9.283343e+02 9.283343e+02 9.283343e+02 9.283343e+02 9.283343e+02 9.283343e+02 9.283343e+02 9.283343e+02 9.283343e+02 9.283343e+02 9.283343e+02 9.283343e+02 9.283343e+02 9.283343e+02 9.283343e+02 9.283343e+02 9.283343e+02 9.283343e+02 9.283343e+02 9.283343e+02 9.283343e+02 9.283343e+02 9.283343e+02 9.283343e+02 9.283343e+02 9.283343e+02 9.283343e+02 9.283343e+02 9.283343e+02 9.283343e+02 9.283343e+02
1.000000e+03 9.928334e+02 9.856669e+02 9.785003e+02 9.713337e+02 9.641671e+02 9.570006e+02 9.498340e+02 9.426674e+02 9.355009e+02 9.355009e+02 9.355009e+02 9.355009e+02 9.355009e+02 9.355009e+02 9.355009e+02 9.355009e+02 9.355009e+02 9.355009e+02 9.355009e+02 9.355009e+02 9.355009e+02 9.355009e+02 9.355009e+02 9.355009e+02 9.355009e+02 9.355009e+02 9.355009e+02 9.355009e+02 9.355009e+02 9.355009e+02 9.355009e+02 9.355009e+02 9.355009e+02 9.355009e+02 9.355009e+02 9.355009e+02 9.355009e+02 9.355009e+02 9.355009e+02 9.355009e+02 9.355009e+02 9.355009e+02 9.355009e+02 9.355009e+02 9.355009e+02 9.355009e+02 9.355009e+02 9.355009e+02 9.355009e+02 9.355009e+02 9.355009e+02
1.000000e+03 9.928334e+02 9.856669e+02 9.785003e+02 9.713337e+02 9.641671e+02 9.570006e+02 9.498340e+02 9.426674e+02 9.426674e+02 9.426674e+02 9.426674e+02 9.426674e+02 9.426674e+02 9.426674e+02 9.426674e+02 9.426674e+02 9.426674e+02 9.426674e+02 9.426674e+02 9.426674e+02 9.426674e+02 9.426674e+02 9.426674e+02 9.426674e+02 9.426674e+02 9.426674e+02 9.426674e+02 9.426674e+02 9.426674e+02 9.426674e+02 9.426674e+02 9.426674e+02 9.426674e+02 9.426674e+02 9.426674e+02 9.426674e+02 9.426674e+02 9.426674e+02 9.426674e+02 9.426674e+02 9.426674e+02 9.426674e+02 9.426674e+02 9.426674e+02 9.426674e+02 9.426674e+02 9.426674e+02 9.426674e+02 9.426674e+02 9.426674e+02 9.426674e+02
