topographies/valley1.98_[100,100,10][2.83,0.00,-2.83,270.00].asc
ncols 100
nrows 100
xllcorner 0.0
yllcorner 0.0
cellsize 10
nodata_value 0
[rows 69 to 91 of 100, columns 0 to 51 of 100]
1.000000e+03 9.995010e+02 9.990019e+02 9.985029e+02 9.980038e+02 9.975048e+02 9.970057e+02 9.965067e+02 9.960076e+02 9.955086e+02 9.950095e+02 9.945105e+02 9.940115e+02 9.935124e+02 9.930134e+02 9.925143e+02 9.920153e+02 9.915162e+02 9.910172e+02 9.905181e+02 9.900191e+02 9.895200e+02 9.890210e+02 9.885220e+02 9.880229e+02 9.875239e+02 9.870248e+02 9.865258e+02 9.860267e+02 9.855277e+02 9.850286e+02 9.850286e+02 9.850286e+02 9.850286e+02 9.850286e+02 9.850286e+02 9.850286e+02 9.850286e+02 9.850286e+02 9.850286e+02 9.850286e+02 9.850286e+02 9.850286e+02 9.850286e+02 9.850286e+02 9.850286e+02 9.850286e+02 9.850286e+02 9.850286e+02 9.850286e+02 9.850286e+02 9.850286e+02
1.000000e+03 9.995010e+02 9.990019e+02 9.985029e+02 9.980038e+02 9.975048e+02 9.970057e+02 9.965067e+02 9.960076e+02 9.955086e+02 9.950095e+02 9.945105e+02 9.940115e+02 9.935124e+02 9.930134e+02 9.925143e+02 9.920153e+02 9.915162e+02 9.910172e+02 9.905181e+02 9.900191e+02 9.895200e+02 9.890210e+02 9.885220e+02 9.880229e+02 9.875239e+02 9.870248e+02 9.865258e+02 9.860267e+02 9.855277e+02 9.855277e+02 9.855277e+02 9.855277e+02 9.855277e+02 9.855277e+02 9.855277e+02 9.855277e+02 9.855277e+02 9.855277e+02 9.855277e+02 9.855277e+02 9.855277e+02 9.855277e+02 9.855277e+02 9.855277e+02 9.855277e+02 9.855277e+02 9.855277e+02 9.855277e+02 9.855277e+02 9.855277e+02 9.855277e+02
1.000000e+03 9.995010e+02 9.990019e+02 9.985029e+02 9.980038e+02 9.975048e+02 9.970057e+02 9.965067e+02 9.960076e+02 9.955086e+02 9.950095e+02 9.945105e+02 9.940115e+02 9.935124e+02 9.930134e+02 9.925143e+02 9.920153e+02 9.915162e+02 9.910172e+02 9.905181e+02 9.900191e+02 9.895200e+02 9.890210e+02 9.885220e+02 9.880229e+02 9.875239e+02 9.870248e+02 9.865258e+02 9.860267e+02 9.860267e+02 9.860267e+02 9.860267e+02 9.860267e+02 9.860267e+02 9.860267e+02 9.860267e+02 9.860267e+02 9.860267e+02 9.860267e+02 9.860267e+02 9.860267e+02 9.860267e+02 9.860267e+02 9.860267e+02 9.860267e+02 9.860267e+02 9.860267e+02 9.860267e+02 9.860267e+02 9.860267e+02 9.860267e+02 9.860267e+02
1.000000e+03 9.995010e+02 9.990019e+02 9.985029e+02 9.980038e+02 9.975048e+02 9.970057e+02 9.965067e+02 9.960076e+02 9.955086e+02 9.950095e+02 9.945105e+02 9.940115e+02 9.935124e+02 9.930134e+02 9.925143e+02 9.920153e+02 9.915162e+02 9.910172e+02 9.905181e+02 9.900191e+02 9.895200e+02 9.890210e+02 9.885220e+02 9.880229e+02 9.875239e+02 9.870248e+02 9.865258e+02 9.865258e+02 9.865258e+02 9.865258e+02 9.865258e+02 9.865258e+02 9.865258e+02 9.865258e+02 9.865258e+02 9.865258e+02 9.865258e+02 9.865258e+02 9.865258e+02 9.865258e+02 9.865258e+02 9.865258e+02 9.865258e+02 9.865258e+02 9.865258e+02 9.865258e+02 9.865258e+02 9.865258e+02 9.865258e+02 9.865258e+02 9.865258e+02
1.000000e+03 9.995010e+02 9.990019e+02 9.985029e+02 9.980038e+02 9.975048e+02 9.970057e+02 9.965067e+02 9.960076e+02 9.955086e+02 9.950095e+02 9.945105e+02 9.940115e+02 9.935124e+02 9.930134e+02 9.925143e+02 9.920153e+02 9.915162e+02 9.910172e+02 9.905181e+02 9.900191e+02 9.895200e+02 9.890210e+02 9.885220e+02 9.880229e+02 9.875239e+02 9.870248e+02 9.870248e+02 9.870248e+02 9.870248e+02 9.870248e+02 9.870248e+02 9.870248e+02 9.870248e+02 9.870248e+02 9.870248e+02 9.870248e+02 9.870248e+02 9.870248e+02 9.870248e+02 9.870248e+02 9.870248e+02 9.870248e+02 9.870248e+02 9.870248e+02 9.870248e+02 9.870248e+02 9.870248e+02 9.870248e+02 9.870248e+02 9.870248e+02 9.870248e+02
1.000000e+03 9.995010e+02 9.990019e+02 9.985029e+02 9.980038e+02 9.975048e+02 9.970057e+02 9.965067e+02 9.960076e+02 9.955086e+02 9.950095e+02 9.945105e+02 9.940115e+02 9.935124e+02 9.930134e+02 9.925143e+02 9.920153e+02 9.915162e+02 9.910172e+02 9.905181e+02 9.900191e+02 9.895200e+02 9.890210e+02 9.885220e+02 9.880229e+02 9.875239e+02 9.875239e+02 9.875239e+02 9.875239e+02 9.875239e+02 9.875239e+02 9.875239e+02 9.875239e+02 9.875239e+02 9.875239e+02 9.875239e+02 9.875239e+02 9.875239e+02 9.875239e+02 9.875239e+02 9.875239e+02 9.875239e+02 9.875239e+02 9.875239e+02 9.875239e+02 9.875239e+02 9.875239e+02 9.875239e+02 9.875239e+02 9.875239e+02 9.875239e+02 9.875239e+02
1.000000e+03 9.995010e+02 9.990019e+02 9.985029e+02 9.980038e+02 9.975048e+02 9.970057e+02 9.965067e+02 9.960076e+02 9.955086e+02 9.950095e+02 9.945105e+02 9.940115e+02 9.935124e+02 9.930134e+02 9.925143e+02 9.920153e+02 9.915162e+02 9.910172e+02 9.905181e+02 9.900191e+02 9.895200e+02 9.890210e+02 9.885220e+02 9.880229e+02 9.880229e+02 9.880229e+02 9.880229e+02 9.880229e+02 9.880229e+02 9.880229e+02 9.880229e+02 9.880229e+02 9.880229e+02 9.880229e+02 9.880229e+02 9.880229e+02 9.880229e+02 9.880229e+02 9.880229e+02 9.880229e+02 9.880229e+02 9.880229e+02 9.880229e+02 9.880229e+02 9.880229e+02 9.880229e+02 9.880229e+02 9.880229e+02 9.880229e+02 9.880229e+02 9.880229e+02
1.000000e+03 9.995010e+02 9.990019e+02 9.985029e+02 9.980038e+02 9.975048e+02 9.970057e+02 9.965067e+02 9.960076e+02 9.955086e+02 9.950095e+02 9.945105e+02 9.940115e+02 9.935124e+02 9.930134e+02 9.925143e+02 9.920153e+02 9.915162e+02 9.910172e+02 9.905181e+02 9.900191e+02 9.895200e+02 9.890210e+02 9.885220e+02 9.885220e+02 9.885220e+02 9.885220e+02 9.885220e+02 9.885220e+02 9.885220e+02 9.885220e+02 9.885220e+02 9.885220e+02 9.885220e+02 9.885220e+02 9.885220e+02 9.885220e+02 9.885220e+02 9.885220e+02 9.885220e+02 9.885220e+02 9.885220e+02 9.885220e+02 9.885220e+02 9.885220e+02 9.885220e+02 9.885220e+02 9.885220e+02 9.885220e+02 9.885220e+02 9.885220e+02 9.885220e+02
1.000000e+03 9.995010e+02 9.990019e+02 9.985029e+02 9.980038e+02 9.975048e+02 9.970057e+02 9.965067e+02 9.960076e+02 9.955086e+02 9.950095e+02 9.945105e+02 9.940115e+02 9.935124e+02 9.930134e+02 9.925143e+02 9.920153e+02 9.915162e+02 9.910172e+02 9.905181e+02 9.900191e+02 9.895200e+02 9.890210e+02 9.890210e+02 9.890210e+02 9.890210e+02 9.890210e+02 9.890210e+02 9.890210e+02 9.890210e+02 9.890210e+02 9.890210e+02 9.890210e+02 9.890210e+02 9.890210e+02 9.890210e+02 9.890210e+02 9.890210e+02 9.890210e+02 9.890210e+02 9.890210e+02 9.890210e+02 9.890210e+02 9.890210e+02 9.890210e+02 9.890210e+02 9.890210e+02 9.890210e+02 9.890210e+02 9.890210e+02 9.890210e+02 9.890210e+02
1.000000e+03 9.995010e+02 9.990019e+02 9.985029e+02 9.980038e+02 9.975048e+02 9.970057e+02 9.965067e+02 9.960076e+02 9.955086e+02 9.950095e+02 9.945105e+02 9.940115e+02 9.935124e+02 9.930134e+02 9.925143e+02 9.920153e+02 9.915162e+02 9.910172e+02 9.905181e+02 9.900191e+02 9.895200e+02 9.895200e+02 9.895200e+02 9.895200e+02 9.895200e+02 9.895200e+02 9.895200e+02 9.895200e+02 9.895200e+02 9.895200e+02 9.895200e+02 9.895200e+02 9.895200e+02 9.895200e+02 9.895200e+02 9.895200e+02 9.895200e+02 9.895200e+02 9.895200e+02 9.895200e+02 9.895200e+02 9.895200e+02 9.895200e+02 9.895200e+02 9.895200e+02 9.895200e+02 9.895200e+02 9.895200e+02 9.895200e+02 9.895200e+02 9.895200e+02
1.000000e+03 9.995010e+02 9.990019e+02 9.985029e+02 9.980038e+02 9.975048e+02 9.970057e+02 9.965067e+02 9.960076e+02 9.955086e+02 9.950095e+02 9.945105e+02 9.940115e+02 9.935124e+02 9.930134e+02 9.925143e+02 9.920153e+02 9.915162e+02 9.910172e+02 9.905181e+02 9.900191e+02 9.900191e+02 9.900191e+02 9.900191e+02 9.900191e+02 9.900191e+02 9.900191e+02 9.900191e+02 9.900191e+02 9.900191e+02 9.900191e+02 9.900191e+02 9.900191e+02 9.900191e+02 9.900191e+02 9.900191e+02 9.900191e+02 9.900191e+02 9.900191e+02 9.900191e+02 9.900191e+02 9.900191e+02 9.900191e+02 9.900191e+02 9.900191e+02 9.900191e+02 9.900191e+02 9.900191e+02 9.900191e+02 9.900191e+02 9.900191e+02 9.900191e+02
1.000000e+03 9.995010e+02 9.990019e+02 9.985029e+02 9.980038e+02 9.975048e+02 9.970057e+02 9.965067e+02 9.960076e+02 9.955086e+02 9.950095e+02 9.945105e+02 9.940115e+02 9.935124e+02 9.930134e+02 9.925143e+02 9.920153e+02 9.915162e+02 9.910172e+02 9.905181e+02 9.905181e+02 9.905181e+02 9.905181e+02 9.905181e+02 9.905181e+02 9.905181e+02 9.905181e+02 9.905181e+02 9.905181e+02 9.905181e+02 9.905181e+02 9.905181e+02 9.905181e+02 9.905181e+02 9.905181e+02 9.905181e+02 9.905181e+02 9.905181e+02 9.905181e+02 9.905181e+02 9.905181e+02 9.905181e+02 9.905181e+02 9.905181e+02 9.905181e+02 9.905181e+02 9.905181e+02 9.905181e+02 9.905181e+02 9.905181e+02 9.905181e+02 9.905181e+02
1.000000e+03 9.995010e+02 9.990019e+02 9.985029e+02 9.980038e+02 9.975048e+02 9.970057e+02 9.965067e+02 9.960076e+02 9.955086e+02 9.950095e+02 9.945105e+02 9.940115e+02 9.935124e+02 9.930134e+02 9.925143e+02 9.920153e+02 9.915162e+02 9.910172e+02 9.910172e+02 9.910172e+02 9.910172e+02 9.910172e+02 9.910172e+02 9.910172e+02 9.910172e+02 9.910172e+02 9.910172e+02 9.910172e+02 9.910172e+02 9.910172e+02 9.910172e+02 9.910172e+02 9.910172e+02 9.910172e+02 9.910172e+02 9.910172e+02 9.910172e+02 9.910172e+02 9.910172e+02 9.910172e+02 9.910172e+02 9.910172e+02 9.910172e+02 9.910172e+02 9.910172e+02 9.910172e+02 9.910172e+02 9.910172e+02 9.910172e+02 9.910172e+02 9.910172e+02
1.000000e+03 9.995010e+02 9.990019e+02 9.985029e+02 9.980038e+02 9.975048e+02 9.970057e+02 9.965067e+02 9.960076e+02 9.955086e+02 9.950095e+02 9.945105e+02 9.940115e+02 9.935124e+02 9.930134e+02 9.925143e+02 9.920153e+02 9.915162e+02 9.915162e+02 9.915162e+02 9.915162e+02 9.915162e+02 9.915162e+02 9.915162e+02 9.915162e+02 9.915162e+02 9.915162e+02 9.915162e+02 9.915162e+02 9.915162e+02 9.915162e+02 9.915162e+02 9.915162e+02 9.915162e+02 9.915162e+02 9.915162e+02 9.915162e+02 9.915162e+02 9.915162e+02 9.915162e+02 9.915162e+02 9.915162e+02 9.915162e+02 9.915162e+02 9.915162e+02 9.915162e+02 9.915162e+02 9.915162e+02 9.915162e+02 9.915162e+02 9.915162e+02 9.915162e+02
1.000000e+03 9.995010e+02 9.990019e+02 9.985029e+02 9.980038e+02 9.975048e+02 9.970057e+02 9.965067e+02 9.960076e+02 9.955086e+02 9.950095e+02 9.945105e+02 9.940115e+02 9.935124e+02 9.930134e+02 9.925143e+02 9.920153e+02 9.920153e+02 9.920153e+02 9.920153e+02 9.920153e+02 9.920153e+02 9.920153e+02 9.920153e+02 9.920153e+02 9.920153e+02 9.920153e+02 9.920153e+02 9.920153e+02 9.920153e+02 9.920153e+02 9.920153e+02 9.920153e+02 9.920153e+02 9.920153e+02 9.920153e+02 9.920153e+02 9.920153e+02 9.920153e+02 9.920153e+02 9.920153e+02 9.920153e+02 9.920153e+02 9.920153e+02 9.920153e+02 9.920153e+02 9.920153e+02 9.920153e+02 9.920153e+02 9.920153e+02 9.920153e+02 9.920153e+02
1.000000e+03 9.995010e+02 9.990019e+02 9.985029e+02 9.980038e+02 9.975048e+02 9.970057e+02 9.965067e+02 9.960076e+02 9.955086e+02 9.950095e+02 9.945105e+02 9.940115e+02 9.935124e+02 9.930134e+02 9.925143e+02 9.925143e+02 9.925143e+02 9.925143e+02 9.925143e+02 9.925143e+02 9.925143e+02 9.925143e+02 9.925143e+02 9.925143e+02 9.925143e+02 9.925143e+02 9.925143e+02 9.925143e+02 9.925143e+02 9.925143e+02 9.925143e+02 9.925143e+02 9.925143e+02 9.925143e+02 9.925143e+02 9.925143e+02 9.925143e+02 9.925143e+02 9.925143e+02 9.925143e+02 9.925143e+02 9.925143e+02 9.925143e+02 9.925143e+02 9.925143e+02 9.925143e+02 9.925143e+02 9.925143e+02 9.925143e+02 9.925143e+02 9.925143e+02
1.000000e+03 9.995010e+02 9.990019e+02 9.985029e+02 9.980038e+02 9.975048e+02 9.970057e+02 9.965067e+02 9.960076e+02 9.955086e+02 9.950095e+02 9.945105e+02 9.940115e+02 9.935124e+02 9.930134e+02 9.930134e+02 9.930134e+02 9.930134e+02 9.930134e+02 9.930134e+02 9.930134e+02 9.930134e+02 9.930134e+02 9.930134e+02 9.930134e+02 9.930134e+02 9.930134e+02 9.930134e+02 9.930134e+02 9.930134e+02 9.930134e+02 9.930134e+02 9.930134e+02 9.930134e+02 9.930134e+02 9.930134e+02 9.930134e+02 9.930134e+02 9.930134e+02 9.930134e+02 9.930134e+02 9.930134e+02 9.930134e+02 9.930134e+02 9.930134e+02 9.930134e+02 9.930134e+02 9.930134e+02 9.930134e+02 9.930134e+02 9.930134e+02 9.930134e+02
1.000000e+03 9.995010e+02 9.990019e+02 9.985029e+02 9.980038e+02 9.975048e+02 9.970057e+02 9.965067e+02 9.960076e+02 9.955086e+02 9.950095e+02 9.945105e+02 9.940115e+02 9.935124e+02 9.935124e+02 9.935124e+02 9.935124e+02 9.935124e+02 9.935124e+02 9.935124e+02 9.935124e+02 9.935124e+02 9.935124e+02 9.935124e+02 9.935124e+02 9.935124e+02 9.935124e+02 9.935124e+02 9.935124e+02 9.935124e+02 9.935124e+02 9.935124e+02 9.935124e+02 9.935124e+02 9.935124e+02 9.935124e+02 9.935124e+02 9.935124e+02 9.935124e+02 9.935124e+02 9.935124e+02 9.935124e+02 9.935124e+02 9.935124e+02 9.935124e+02 9.935124e+02 9.935124e+02 9.935124e+02 9.935124e+02 9.935124e+02 9.935124e+02 9.935124e+02
1.000000e+03 9.995010e+02 9.990019e+02 9.985029e+02 9.980038e+02 9.975048e+02 9.970057e+02 9.965067e+02 9.960076e+02 9.955086e+02 9.950095e+02 9.945105e+02 9.940115e+02 9.940115e+02 9.940115e+02 9.940115e+02 9.940115e+02 9.940115e+02 9.940115e+02 9.940115e+02 9.940115e+02 9.940115e+02 9.940115e+02 9.940115e+02 9.940115e+02 9.940115e+02 9.940115e+02 9.940115e+02 9.940115e+02 9.940115e+02 9.940115e+02 9.940115e+02 9.940115e+02 9.940115e+02 9.940115e+02 9.940115e+02 9.940115e+02 9.940115e+02 9.940115e+02 9.940115e+02 9.940115e+02 9.940115e+02 9.940115e+02 9.940115e+02 9.940115e+02 9.940115e+02 9.940115e+02 9.940115e+02 9.940115e+02 9.940115e+02 9.940115e+02 9.940115e+02
1.000000e+03 9.995010e+02 9.990019e+02 9.985029e+02 9.980038e+02 9.975048e+02 9.970057e+02 9.965067e+02 9.960076e+02 9.955086e+02 9.950095e+02 9.945105e+02 9.945105e+02 9.945105e+02 9.945105e+02 9.945105e+02 9.945105e+02 9.945105e+02 9.945105e+02 9.945105e+02 9.945105e+02 9.945105e+02 9.945105e+02 9.945105e+02 9.945105e+02 9.945105e+02 9.945105e+02 9.945105e+02 9.945105e+02 9.945105e+02 9.945105e+02 9.945105e+02 9.945105e+02 9.945105e+02 9.945105e+02 9.945105e+02 9.945105e+02 9.945105e+02 9.945105e+02 9.945105e+02 9.945105e+02 9.945105e+02 9.945105e+02 9.945105e+02 9.945105e+02 9.945105e+02 9.945105e+02 9.945105e+02 9.945105e+02 9.945105e+02 9.945105e+02 9.945105e+02
1.000000e+03 9.995010e+02 9.990019e+02 9.985029e+02 9.980038e+02 9.975048e+02 9.970057e+02 9.965067e+02 9.960076e+02 9.955086e+02 9.950095e+02 9.950095e+02 9.950095e+02 9.950095e+02 9.950095e+02 9.950095e+02 9.950095e+02 9.950095e+02 9.950095e+02 9.950095e+02 9.950095e+02 9.950095e+02 9.950095e+02 9.950095e+02 9.950095e+02 9.950095e+02 9.950095e+02 9.950095e+02 9.950095e+02 9.950095e+02 9.950095e+02 9.950095e+02 9.950095e+02 9.950095e+02 9.950095e+02 9.950095e+02 9.950095e+02 9.950095e+02 9.950095e+02 9.950095e+02 9.950095e+02 9.950095e+02 9.950095e+02 9.950095e+02 9.950095e+02 9.950095e+02 9.950095e+02 9.950095e+02 9.950095e+02 9.950095e+02 9.950095e+02 9.950095e+02
1.000000e+03 9.995010e+02 9.990019e+02 9.985029e+02 9.980038e+02 9.975048e+02 9.970057e+02 9.965067e+02 9.960076e+02 9.955086e+02 9.955086e+02 9.955086e+02 9.955086e+02 9.955086e+02 9.955086e+02 9.955086e+02 9.955086e+02 9.955086e+02 9.955086e+02 9.955086e+02 9.955086e+02 9.955086e+02 9.955086e+02 9.955086e+02 9.955086e+02 9.955086e+02 9.955086e+02 9.955086e+02 9.955086e+02 9.955086e+02 9.955086e+02 9.955086e+02 9.955086e+02 9.955086e+02 9.955086e+02 9.955086e+02 9.955086e+02 9.955086e+02 9.955086e+02 9.955086e+02 9.955086e+02 9.955086e+02 9.955086e+02 9.955086e+02 9.955086e+02 9.955086e+02 9.955086e+02 9.955086e+02 9.955086e+02 9.955086e+02 9.955086e+02 9.955086e+02
1.000000e+03 9.995010e+02 9.990019e+02 9.985029e+02 9.980038e+02 9.975048e+02 9.970057e+02 9.965067e+02 9.960076e+02 9.960076e+02 9.960076e+02 9.960076e+02 9.960076e+02 9.960076e+02 9.960076e+02 9.960076e+02 9.960076e+02 9.960076e+02 9.960076e+02 9.960076e+02 9.960076e+02 9.960076e+02 9.960076e+02 9.960076e+02 9.960076e+02 9.960076e+02 9.960076e+02 9.960076e+02 9.960076e+02 9.960076e+02 9.960076e+02 9.960076e+02 9.960076e+02 9.960076e+02 9.960076e+02 9.960076e+02 9.960076e+02 9.960076e+02 9.960076e+02 9.960076e+02 9.960076e+02 9.960076e+02 9.960076e+02 9.960076e+02 9.960076e+02 9.960076e+02 9.960076e+02 9.960076e+02 9.960076e+02 9.960076e+02 9.960076e+02 9.960076e+02
