topographies/valley15.20_[100,100,10][21.21,0.00,-21.21,270.00].asc
ncols 100
nrows 100
xllcorner 0.0
yllcorner 0.0
cellsize 10
nodata_value 0
[rows 23 to 45 of 100, columns 0 to 51 of 100]
1.000000e+03 9.960794e+02 9.921588e+02 9.882382e+02 9.843176e+02 9.803970e+02 9.764764e+02 9.725558e+02 9.686352e+02 9.647146e+02 9.607940e+02 9.568734e+02 9.529528e+02 9.490322e+02 9.451116e+02 9.411910e+02 9.372704e+02 9.333498e+02 9.294292e+02 9.255086e+02 9.215880e+02 9.176674e+02 9.137468e+02 9.098262e+02 9.059056e+02 9.019850e+02 8.980644e+02 8.941438e+02 8.902232e+02 8.863025e+02 8.823819e+02 8.784613e+02 8.745407e+02 8.706201e+02 8.666995e+02 8.627789e+02 8.588583e+02 8.549377e+02 8.510171e+02 8.470965e+02 8.431759e+02 8.392553e+02 8.353347e+02 8.314141e+02 8.274935e+02 8.235729e+02 8.196523e+02 8.157317e+02 8.118111e+02 8.078905e+02 8.039699e+02 8.000493e+02
1.000000e+03 9.960794e+02 9.921588e+02 9.882382e+02 9.843176e+02 9.803970e+02 9.764764e+02 9.725558e+02 9.686352e+02 9.647146e+02 9.607940e+02 9.568734e+02 9.529528e+02 9.490322e+02 9.451116e+02 9.411910e+02 9.372704e+02 9.333498e+02 9.294292e+02 9.255086e+02 9.215880e+02 9.176674e+02 9.137468e+02 9.098262e+02 9.059056e+02 9.019850e+02 8.980644e+02 8.941438e+02 8.902232e+02 8.863025e+02 8.823819e+02 8.784613e+02 8.745407e+02 8.706201e+02 8.666995e+02 8.627789e+02 8.588583e+02 8.549377e+02 8.510171e+02 8.470965e+02 8.431759e+02 8.392553e+02 8.353347e+02 8.314141e+02 8.274935e+02 8.235729e+02 8.196523e+02 8.157317e+02 8.118111e+02 8.078905e+02 8.039699e+02 8.000493e+02
1.000000e+03 9.960794e+02 9.921588e+02 9.882382e+02 9.843176e+02 9.803970e+02 9.764764e+02 9.725558e+02 9.686352e+02 9.647146e+02 9.607940e+02 9.568734e+02 9.529528e+02 9.490322e+02 9.451116e+02 9.411910e+02 9.372704e+02 9.333498e+02 9.294292e+02 9.255086e+02 9.215880e+02 9.176674e+02 9.137468e+02 9.098262e+02 9.059056e+02 9.019850e+02 8.980644e+02 8.941438e+02 8.902232e+02 8.863025e+02 8.823819e+02 8.784613e+02 8.745407e+02 8.706201e+02 8.666995e+02 8.627789e+02 8.588583e+02 8.549377e+02 8.510171e+02 8.470965e+02 8.431759e+02 8.392553e+02 8.353347e+02 8.314141e+02 8.274935e+02 8.235729e+02 8.196523e+02 8.157317e+02 8.118111e+02 8.078905e+02 8.039699e+02 8.000493e+02
1.000000e+03 9.960794e+02 9.921588e+02 9.882382e+02 9.843176e+02 9.803970e+02 9.764764e+02 9.725558e+02 9.686352e+02 9.647146e+02 9.607940e+02 9.568734e+02 9.529528e+02 9.490322e+02 9.451116e+02 9.411910e+02 9.372704e+02 9.333498e+02 9.294292e+02 9.255086e+02 9.215880e+02 9.176674e+02 9.137468e+02 9.098262e+02 9.059056e+02 9.019850e+02 8.980644e+02 8.941438e+02 8.902232e+02 8.863025e+02 8.823819e+02 8.784613e+02 8.745407e+02 8.706201e+02 8.666995e+02 8.627789e+02 8.588583e+02 8.549377e+02 8.510171e+02 8.470965e+02 8.431759e+02 8.392553e+02 8.353347e+02 8.314141e+02 8.274935e+02 8.235729e+02 8.196523e+02 8.157317e+02 8.118111e+02 8.078905e+02 8.039699e+02 8.000493e+02
1.000000e+03 9.960794e+02 9.921588e+02 9.882382e+02 9.843176e+02 9.803970e+02 9.764764e+02 9.725558e+02 9.686352e+02 9.647146e+02 9.607940e+02 9.568734e+02 9.529528e+02 9.490322e+02 9.451116e+02 9.411910e+02 9.372704e+02 9.333498e+02 9.294292e+02 9.255086e+02 9.215880e+02 9.176674e+02 9.137468e+02 9.098262e+02 9.059056e+02 9.019850e+02 8.980644e+02 8.941438e+02 8.902232e+02 8.863025e+02 8.823819e+02 8.784613e+02 8.745407e+02 8.706201e+02 8.666995e+02 8.627789e+02 8.588583e+02 8.549377e+02 8.510171e+02 8.470965e+02 8.431759e+02 8.392553e+02 8.353347e+02 8.314141e+02 8.274935e+02 8.235729e+02 8.196523e+02 8.157317e+02 8.118111e+02 8.078905e+02 8.039699e+02 8.000493e+02
1.000000e+03 9.960794e+02 9.921588e+02 9.882382e+02 9.843176e+02 9.803970e+02 9.764764e+02 9.725558e+02 9.686352e+02 9.647146e+02 9.607940e+02 9.568734e+02 9.529528e+02 9.490322e+02 9.451116e+02 9.411910e+02 9.372704e+02 9.333498e+02 9.294292e+02 9.255086e+02 9.215880e+02 9.176674e+02 9.137468e+02 9.098262e+02 9.059056e+02 9.019850e+02 8.980644e+02 8.941438e+02 8.902232e+02 8.863025e+02 8.823819e+02 8.784613e+02 8.745407e+02 8.706201e+02 8.666995e+02 8.627789e+02 8.588583e+02 8.549377e+02 8.510171e+02 8.470965e+02 8.431759e+02 8.392553e+02 8.353347e+02 8.314141e+02 8.274935e+02 8.235729e+02 8.196523e+02 8.157317e+02 8.118111e+02 8.078905e+02 8.039699e+02 8.000493e+02
1.000000e+03 9.960794e+02 9.921588e+02 9.882382e+02 9.843176e+02 9.803970e+02 9.764764e+02 9.725558e+02 9.686352e+02 9.647146e+02 9.607940e+02 9.568734e+02 9.529528e+02 9.490322e+02 9.451116e+02 9.411910e+02 9.372704e+02 9.333498e+02 9.294292e+02 9.255086e+02 9.215880e+02 9.176674e+02 9.137468e+02 9.098262e+02 9.059056e+02 9.019850e+02 8.980644e+02 8.941438e+02 8.902232e+02 8.863025e+02 8.823819e+02 8.784613e+02 8.745407e+02 8.706201e+02 8.666995e+02 8.627789e+02 8.588583e+02 8.549377e+02 8.510171e+02 8.470965e+02 8.431759e+02 8.392553e+02 8.353347e+02 8.314141e+02 8.274935e+02 8.235729e+02 8.196523e+02 8.157317e+02 8.118111e+02 8.078905e+02 8.039699e+02 8.000493e+02
1.000000e+03 9.960794e+02 9.921588e+02 9.882382e+02 9.843176e+02 9.803970e+02 9.764764e+02 9.725558e+02 9.686352e+02 9.647146e+02 9.607940e+02 9.568734e+02 9.529528e+02 9.490322e+02 9.451116e+02 9.411910e+02 9.372704e+02 9.333498e+02 9.294292e+02 9.255086e+02 9.215880e+02 9.176674e+02 9.137468e+02 9.098262e+02 9.059056e+02 9.019850e+02 8.980644e+02 8.941438e+02 8.902232e+02 8.863025e+02 8.823819e+02 8.784613e+02 8.745407e+02 8.706201e+02 8.666995e+02 8.627789e+02 8.588583e+02 8.549377e+02 8.510171e+02 8.470965e+02 8.431759e+02 8.392553e+02 8.353347e+02 8.314141e+02 8.274935e+02 8.235729e+02 8.196523e+02 8.157317e+02 8.118111e+02 8.078905e+02 8.039699e+02 8.000493e+02
1.000000e+03 9.960794e+02 9.921588e+02 9.882382e+02 9.843176e+02 9.803970e+02 9.764764e+02 9.725558e+02 9.686352e+02 9.647146e+02 9.607940e+02 9.568734e+02 9.529528e+02 9.490322e+02 9.451116e+02 9.411910e+02 9.372704e+02 9.333498e+02 9.294292e+02 9.255086e+02 9.215880e+02 9.176674e+02 9.137468e+02 9.098262e+02 9.059056e+02 9.019850e+02 8.980644e+02 8.941438e+02 8.902232e+02 8.863025e+02 8.823819e+02 8.784613e+02 8.745407e+02 8.706201e+02 8.666995e+02 8.627789e+02 8.588583e+02 8.549377e+02 8.510171e+02 8.470965e+02 8.431759e+02 8.392553e+02 8.353347e+02 8.314141e+02 8.274935e+02 8.235729e+02 8.196523e+02 8.157317e+02 8.118111e+02 8.078905e+02 8.039699e+02 8.000493e+02
1.000000e+03 9.960794e+02 9.921588e+02 9.882382e+02 9.843176e+02 9.803970e+02 9.764764e+02 9.725558e+02 9.686352e+02 9.647146e+02 9.607940e+02 9.568734e+02 9.529528e+02 9.490322e+02 9.451116e+02 9.411910e+02 9.372704e+02 9.333498e+02 9.294292e+02 9.255086e+02 9.215880e+02 9.176674e+02 9.137468e+02 9.098262e+02 9.059056e+02 9.019850e+02 8.980644e+02 8.941438e+02 8.902232e+02 8.863025e+02 8.823819e+02 8.784613e+02 8.745407e+02 8.706201e+02 8.666995e+02 8.627789e+02 8.588583e+02 8.549377e+02 8.510171e+02 8.470965e+02 8.431759e+02 8.392553e+02 8.353347e+02 8.314141e+02 8.274935e+02 8.235729e+02 8.196523e+02 8.157317e+02 8.118111e+02 8.078905e+02 8.039699e+02 8.000493e+02
1.000000e+03 9.960794e+02 9.921588e+02 9.882382e+02 9.843176e+02 9.803970e+02 9.764764e+02 9.725558e+02 9.686352e+02 9.647146e+02 9.607940e+02 9.568734e+02 9.529528e+02 9.490322e+02 9.451116e+02 9.411910e+02 9.372704e+02 9.333498e+02 9.294292e+02 9.255086e+02 9.215880e+02 9.176674e+02 9.137468e+02 9.098262e+02 9.059056e+02 9.019850e+02 8.980644e+02 8.941438e+02 8.902232e+02 8.863025e+02 8.823819e+02 8.784613e+02 8.745407e+02 8.706201e+02 8.666995e+02 8.627789e+02 8.588583e+02 8.549377e+02 8.510171e+02 8.470965e+02 8.431759e+02 8.392553e+02 8.353347e+02 8.314141e+02 8.274935e+02 8.235729e+02 8.196523e+02 8.157317e+02 8.118111e+02 8.078905e+02 8.039699e+02 8.000493e+02
1.000000e+03 9.960794e+02 9.921588e+02 9.882382e+02 9.843176e+02 9.803970e+02 9.764764e+02 9.725558e+02 9.686352e+02 9.647146e+02 9.607940e+02 9.568734e+02 9.529528e+02 9.490322e+02 9.451116e+02 9.411910e+02 9.372704e+02 9.333498e+02 9.294292e+02 9.255086e+02 9.215880e+02 9.176674e+02 9.137468e+02 9.098262e+02 9.059056e+02 9.019850e+02 8.980644e+02 8.941438e+02 8.902232e+02 8.863025e+02 8.823819e+02 8.784613e+02 8.745407e+02 8.706201e+02 8.666995e+02 8.627789e+02 8.588583e+02 8.549377e+02 8.510171e+02 8.470965e+02 8.431759e+02 8.392553e+02 8.353347e+02 8.314141e+02 8.274935e+02 8.235729e+02 8.196523e+02 8.157317e+02 8.118111e+02 8.078905e+02 8.039699e+02 8.000493e+02
1.000000e+03 9.960794e+02 9.921588e+02 9.882382e+02 9.843176e+02 9.803970e+02 9.764764e+02 9.725558e+02 9.686352e+02 9.647146e+02 9.607940e+02 9.568734e+02 9.529528e+02 9.490322e+02 9.451116e+02 9.411910e+02 9.372704e+02 9.333498e+02 9.294292e+02 9.255086e+02 9.215880e+02 9.176674e+02 9.137468e+02 9.098262e+02 9.059056e+02 9.019850e+02 8.980644e+02 8.941438e+02 8.902232e+02 8.863025e+02 8.823819e+02 8.784613e+02 8.745407e+02 8.706201e+02 8.666995e+02 8.627789e+02 8.588583e+02 8.549377e+02 8.510171e+02 8.470965e+02 8.431759e+02 8.392553e+02 8.353347e+02 8.314141e+02 8.274935e+02 8.235729e+02 8.196523e+02 8.157317e+02 8.118111e+02 8.078905e+02 8.039699e+02 8.000493e+02
1.000000e+03 9.960794e+02 9.921588e+02 9.882382e+02 9.843176e+02 9.803970e+02 9.764764e+02 9.725558e+02 9.686352e+02 9.647146e+02 9.607940e+02 9.568734e+02 9.529528e+02 9.490322e+02 9.451116e+02 9.411910e+02 9.372704e+02 9.333498e+02 9.294292e+02 9.255086e+02 9.215880e+02 9.176674e+02 9.137468e+02 9.098262e+02 9.059056e+02 9.019850e+02 8.980644e+02 8.941438e+02 8.902232e+02 8.863025e+02 8.823819e+02 8.784613e+02 8.745407e+02 8.706201e+02 8.666995e+02 8.627789e+02 8.588583e+02 8.549377e+02 8.510171e+02 8.470965e+02 8.431759e+02 8.392553e+02 8.353347e+02 8.314141e+02 8.274935e+02 8.235729e+02 8.196523e+02 8.157317e+02 8.118111e+02 8.078905e+02 8.039699e+02 8.000493e+02
1.000000e+03 9.960794e+02 9.921588e+02 9.882382e+02 9.843176e+02 9.803970e+02 9.764764e+02 9.725558e+02 9.686352e+02 9.647146e+02 9.607940e+02 9.568734e+02 9.529528e+02 9.490322e+02 9.451116e+02 9.411910e+02 9.372704e+02 9.333498e+02 9.294292e+02 9.255086e+02 9.215880e+02 9.176674e+02 9.137468e+02 9.098262e+02 9.059056e+02 9.019850e+02 8.980644e+02 8.941438e+02 8.902232e+02 8.863025e+02 8.823819e+02 8.784613e+02 8.745407e+02 8.706201e+02 8.666995e+02 8.627789e+02 8.588583e+02 8.549377e+02 8.510171e+02 8.470965e+02 8.431759e+02 8.392553e+02 8.353347e+02 8.314141e+02 8.274935e+02 8.235729e+02 8.196523e+02 8.157317e+02 8.118111e+02 8.078905e+02 8.039699e+02 8.000493e+02
1.000000e+03 9.960794e+02 9.921588e+02 9.882382e+02 9.843176e+02 9.803970e+02 9.764764e+02 9.725558e+02 9.686352e+02 9.647146e+02 9.607940e+02 9.568734e+02 9.529528e+02 9.490322e+02 9.451116e+02 9.411910e+02 9.372704e+02 9.333498e+02 9.294292e+02 9.255086e+02 9.215880e+02 9.176674e+02 9.137468e+02 9.098262e+02 9.059056e+02 9.019850e+02 8.980644e+02 8.941438e+02 8.902232e+02 8.863025e+02 8.823819e+02 8.784613e+02 8.745407e+02 8.706201e+02 8.666995e+02 8.627789e+02 8.588583e+02 8.549377e+02 8.510171e+02 8.470965e+02 8.431759e+02 8.392553e+02 8.353347e+02 8.314141e+02 8.274935e+02 8.235729e+02 8.196523e+02 8.157317e+02 8.118111e+02 8.078905e+02 8.039699e+02 8.000493e+02
1.000000e+03 9.960794e+02 9.921588e+02 9.882382e+02 9.843176e+02 9.803970e+02 9.764764e+02 9.725558e+02 9.686352e+02 9.647146e+02 9.607940e+02 9.568734e+02 9.529528e+02 9.490322e+02 9.451116e+02 9.411910e+02 9.372704e+02 9.333498e+02 9.294292e+02 9.255086e+02 9.215880e+02 9.176674e+02 9.137468e+02 9.098262e+02 9.059056e+02 9.019850e+02 8.980644e+02 8.941438e+02 8.902232e+02 8.863025e+02 8.823819e+02 8.784613e+02 8.745407e+02 8.706201e+02 8.666995e+02 8.627789e+02 8.588583e+02 8.549377e+02 8.510171e+02 8.470965e+02 8.431759e+02 8.392553e+02 8.353347e+02 8.314141e+02 8.274935e+02 8.235729e+02 8.196523e+02 8.157317e+02 8.118111e+02 8.078905e+02 8.039699e+02 8.000493e+02
1.000000e+03 9.960794e+02 9.921588e+02 9.882382e+02 9.843176e+02 9.803970e+02 9.764764e+02 9.725558e+02 9.686352e+02 9.647146e+02 9.607940e+02 9.568734e+02 9.529528e+02 9.490322e+02 9.451116e+02 9.411910e+02 9.372704e+02 9.333498e+02 9.294292e+02 9.255086e+02 9.215880e+02 9.176674e+02 9.137468e+02 9.098262e+02 9.059056e+02 9.019850e+02 8.980644e+02 8.941438e+02 8.902232e+02 8.863025e+02 8.823819e+02 8.784613e+02 8.745407e+02 8.706201e+02 8.666995e+02 8.627789e+02 8.588583e+02 8.549377e+02 8.510171e+02 8.470965e+02 8.431759e+02 8.392553e+02 8.353347e+02 8.314141e+02 8.274935e+02 8.235729e+02 8.196523e+02 8.157317e+02 8.118111e+02 8.078905e+02 8.039699e+02 8.000493e+02
1.000000e+03 9.960794e+02 9.921588e+02 9.882382e+02 9.843176e+02 9.803970e+02 9.764764e+02 9.725558e+02 9.686352e+02 9.647146e+02 9.607940e+02 9.568734e+02 9.529528e+02 9.490322e+02 9.451116e+02 9.411910e+02 9.372704e+02 9.333498e+02 9.294292e+02 9.255086e+02 9.215880e+02 9.176674e+02 9.137468e+02 9.098262e+02 9.059056e+02 9.019850e+02 8.980644e+02 8.941438e+02 8.902232e+02 8.863025e+02 8.823819e+02 8.784613e+02 8.745407e+02 8.706201e+02 8.666995e+02 8.627789e+02 8.588583e+02 8.549377e+02 8.510171e+02 8.470965e+02 8.431759e+02 8.392553e+02 8.353347e+02 8.314141e+02 8.274935e+02 8.235729e+02 8.196523e+02 8.157317e+02 8.118111e+02 8.078905e+02 8.039699e+02 8.000493e+02
1.000000e+03 9.960794e+02 9.921588e+02 9.882382e+02 9.843176e+02 9.803970e+02 9.764764e+02 9.725558e+02 9.686352e+02 9.647146e+02 9.607940e+02 9.568734e+02 9.529528e+02 9.490322e+02 9.451116e+02 9.411910e+02 9.372704e+02 9.333498e+02 9.294292e+02 9.255086e+02 9.215880e+02 9.176674e+02 9.137468e+02 9.098262e+02 9.059056e+02 9.019850e+02 8.980644e+02 8.941438e+02 8.902232e+02 8.863025e+02 8.823819e+02 8.784613e+02 8.745407e+02 8.706201e+02 8.666995e+02 8.627789e+02 8.588583e+02 8.549377e+02 8.510171e+02 8.470965e+02 8.431759e+02 8.392553e+02 8.353347e+02 8.314141e+02 8.274935e+02 8.235729e+02 8.196523e+02 8.157317e+02 8.118111e+02 8.078905e+02 8.039699e+02 8.000493e+02
1.000000e+03 9.960794e+02 9.921588e+02 9.882382e+02 9.843176e+02 9.803970e+02 9.764764e+02 9.725558e+02 9.686352e+02 9.647146e+02 9.607940e+02 9.568734e+02 9.529528e+02 9.490322e+02 9.451116e+02 9.411910e+02 9.372704e+02 9.333498e+02 9.294292e+02 9.255086e+02 9.215880e+02 9.176674e+02 9.137468e+02 9.098262e+02 9.059056e+02 9.019850e+02 8.980644e+02 8.941438e+02 8.902232e+02 8.863025e+02 8.823819e+02 8.784613e+02 8.745407e+02 8.706201e+02 8.666995e+02 8.627789e+02 8.588583e+02 8.549377e+02 8.510171e+02 8.470965e+02 8.431759e+02 8.392553e+02 8.353347e+02 8.314141e+02 8.274935e+02 8.235729e+02 8.196523e+02 8.157317e+02 8.118111e+02 8.078905e+02 8.039699e+02 8.000493e+02
1.000000e+03 9.960794e+02 9.921588e+02 9.882382e+02 9.843176e+02 9.803970e+02 9.764764e+02 9.725558e+02 9.686352e+02 9.647146e+02 9.607940e+02 9.568734e+02 9.529528e+02 9.490322e+02 9.451116e+02 9.411910e+02 9.372704e+02 9.333498e+02 9.294292e+02 9.255086e+02 9.215880e+02 9.176674e+02 9.137468e+02 9.098262e+02 9.059056e+02 9.019850e+02 8.980644e+02 8.941438e+02 8.902232e+02 8.863025e+02 8.823819e+02 8.784613e+02 8.745407e+02 8.706201e+02 8.666995e+02 8.627789e+02 8.588583e+02 8.549377e+02 8.510171e+02 8.470965e+02 8.431759e+02 8.392553e+02 8.353347e+02 8.314141e+02 8.274935e+02 8.235729e+02 8.196523e+02 8.157317e+02 8.118111e+02 8.078905e+02 8.039699e+02 8.000493e+02
1.000000e+03 9.960794e+02 9.921588e+02 9.882382e+02 9.843176e+02 9.803970e+02 9.764764e+02 9.725558e+02 9.686352e+02 9.647146e+02 9.607940e+02 9.568734e+02 9.529528e+02 9.490322e+02 9.451116e+02 9.411910e+02 9.372704e+02 9.333498e+02 9.294292e+02 9.255086e+02 9.215880e+02 9.176674e+02 9.137468e+02 9.098262e+02 9.059056e+02 9.019850e+02 8.980644e+02 8.941438e+02 8.902232e+02 8.863025e+02 8.823819e+02 8.784613e+02 8.745407e+02 8.706201e+02 8.666995e+02 8.627789e+02 8.588583e+02 8.549377e+02 8.510171e+02 8.470965e+02 8.431759e+02 8.392553e+02 8.353347e+02 8.314141e+02 8.274935e+02 8.235729e+02 8.196523e+02 8.157317e+02 8.118111e+02 8.078905e+02 8.039699e+02 8.000493e+02
