topographies/valley10.00_[100,100,10][14.14,0.00,-14.14,270.00].asc
ncols 100
nrows 100
xllcorner 0.0
yllcorner 0.0
cellsize 10
nodata_value 0
[rows 46 to 68 of 100, columns 0 to 51 of 100]
1.000000e+03 9.974549e+02 9.949098e+02 9.923647e+02 9.898196e+02 9.872745e+02 9.847294e+02 9.821843e+02 9.796392e+02 9.770941e+02 9.745490e+02 9.720039e+02 9.694588e+02 9.669137e+02 9.643686e+02 9.618235e+02 9.592785e+02 9.567334e+02 9.541883e+02 9.516432e+02 9.490981e+02 9.465530e+02 9.440079e+02 9.414628e+02 9.389177e+02 9.363726e+02 9.338275e+02 9.312824e+02 9.287373e+02 9.261922e+02 9.236471e+02 9.211020e+02 9.185569e+02 9.160118e+02 9.134667e+02 9.109216e+02 9.083765e+02 9.058314e+02 9.032863e+02 9.007412e+02 8.981961e+02 8.956510e+02 8.931059e+02 8.905608e+02 8.880157e+02 8.854706e+02 8.829255e+02 8.803804e+02 8.778354e+02 8.752903e+02 8.727452e+02 8.702001e+02
1.000000e+03 9.974549e+02 9.949098e+02 9.923647e+02 9.898196e+02 9.872745e+02 9.847294e+02 9.821843e+02 9.796392e+02 9.770941e+02 9.745490e+02 9.720039e+02 9.694588e+02 9.669137e+02 9.643686e+02 9.618235e+02 9.592785e+02 9.567334e+02 9.541883e+02 9.516432e+02 9.490981e+02 9.465530e+02 9.440079e+02 9.414628e+02 9.389177e+02 9.363726e+02 9.338275e+02 9.312824e+02 9.287373e+02 9.261922e+02 9.236471e+02 9.211020e+02 9.185569e+02 9.160118e+02 9.134667e+02 9.109216e+02 9.083765e+02 9.058314e+02 9.032863e+02 9.007412e+02 8.981961e+02 8.956510e+02 8.931059e+02 8.905608e+02 8.880157e+02 8.854706e+02 8.829255e+02 8.803804e+02 8.778354e+02 8.752903e+02 8.727452e+02 8.702001e+02
1.000000e+03 9.974549e+02 9.949098e+02 9.923647e+02 9.898196e+02 9.872745e+02 9.847294e+02 9.821843e+02 9.796392e+02 9.770941e+02 9.745490e+02 9.720039e+02 9.694588e+02 9.669137e+02 9.643686e+02 9.618235e+02 9.592785e+02 9.567334e+02 9.541883e+02 9.516432e+02 9.490981e+02 9.465530e+02 9.440079e+02 9.414628e+02 9.389177e+02 9.363726e+02 9.338275e+02 9.312824e+02 9.287373e+02 9.261922e+02 9.236471e+02 9.211020e+02 9.185569e+02 9.160118e+02 9.134667e+02 9.109216e+02 9.083765e+02 9.058314e+02 9.032863e+02 9.007412e+02 8.981961e+02 8.956510e+02 8.931059e+02 8.905608e+02 8.880157e+02 8.854706e+02 8.829255e+02 8.803804e+02 8.778354e+02 8.752903e+02 8.727452e+02 8.702001e+02
1.000000e+03 9.974549e+02 9.949098e+02 9.923647e+02 9.898196e+02 9.872745e+02 9.847294e+02 9.821843e+02 9.796392e+02 9.770941e+02 9.745490e+02 9.720039e+02 9.694588e+02 9.669137e+02 9.643686e+02 9.618235e+02 9.592785e+02 9.567334e+02 9.541883e+02 9.516432e+02 9.490981e+02 9.465530e+02 9.440079e+02 9.414628e+02 9.389177e+02 9.363726e+02 9.338275e+02 9.312824e+02 9.287373e+02 9.261922e+02 9.236471e+02 9.211020e+02 9.185569e+02 9.160118e+02 9.134667e+02 9.109216e+02 9.083765e+02 9.058314e+02 9.032863e+02 9.007412e+02 8.981961e+02 8.956510e+02 8.931059e+02 8.905608e+02 8.880157e+02 8.854706e+02 8.829255e+02 8.803804e+02 8.778354e+02 8.752903e+02 8.727452e+02 8.727452e+02
1.000000e+03 9.974549e+02 9.949098e+02 9.923647e+02 9.898196e+02 9.872745e+02 9.847294e+02 9.821843e+02 9.796392e+02 9.770941e+02 9.745490e+02 9.720039e+02 9.694588e+02 9.669137e+02 9.643686e+02 9.618235e+02 9.592785e+02 9.567334e+02 9.541883e+02 9.516432e+02 9.490981e+02 9.465530e+02 9.440079e+02 9.414628e+02 9.389177e+02 9.363726e+02 9.338275e+02 9.312824e+02 9.287373e+02 9.261922e+02 9.236471e+02 9.211020e+02 9.185569e+02 9.160118e+02 9.134667e+02 9.109216e+02 9.083765e+02 9.058314e+02 9.032863e+02 9.007412e+02 8.981961e+02 8.956510e+02 8.931059e+02 8.905608e+02 8.880157e+02 8.854706e+02 8.829255e+02 8.803804e+02 8.778354e+02 8.752903e+02 8.752903e+02 8.752903e+02
1.000000e+03 9.974549e+02 9.949098e+02 9.923647e+02 9.898196e+02 9.872745e+02 9.847294e+02 9.821843e+02 9.796392e+02 9.770941e+02 9.745490e+02 9.720039e+02 9.694588e+02 9.669137e+02 9.643686e+02 9.618235e+02 9.592785e+02 9.567334e+02 9.541883e+02 9.516432e+02 9.490981e+02 9.465530e+02 9.440079e+02 9.414628e+02 9.389177e+02 9.363726e+02 9.338275e+02 9.312824e+02 9.287373e+02 9.261922e+02 9.236471e+02 9.211020e+02 9.185569e+02 9.160118e+02 9.134667e+02 9.109216e+02 9.083765e+02 9.058314e+02 9.032863e+02 9.007412e+02 8.981961e+02 8.956510e+02 8.931059e+02 8.905608e+02 8.880157e+02 8.854706e+02 8.829255e+02 8.803804e+02 8.778354e+02 8.778354e+02 8.778354e+02 8.778354e+02
1.000000e+03 9.974549e+02 9.949098e+02 9.923647e+02 9.898196e+02 9.872745e+02 9.847294e+02 9.821843e+02 9.796392e+02 9.770941e+02 9.745490e+02 9.720039e+02 9.694588e+02 9.669137e+02 9.643686e+02 9.618235e+02 9.592785e+02 9.567334e+02 9.541883e+02 9.516432e+02 9.490981e+02 9.465530e+02 9.440079e+02 9.414628e+02 9.389177e+02 9.363726e+02 9.338275e+02 9.312824e+02 9.287373e+02 9.261922e+02 9.236471e+02 9.211020e+02 9.185569e+02 9.160118e+02 9.134667e+02 9.109216e+02 9.083765e+02 9.058314e+02 9.032863e+02 9.007412e+02 8.981961e+02 8.956510e+02 8.931059e+02 8.905608e+02 8.880157e+02 8.854706e+02 8.829255e+02 8.803804e+02 8.803804e+02 8.803804e+02 8.803804e+02 8.803804e+02
1.000000e+03 9.974549e+02 9.949098e+02 9.923647e+02 9.898196e+02 9.872745e+02 9.847294e+02 9.821843e+02 9.796392e+02 9.770941e+02 9.745490e+02 9.720039e+02 9.694588e+02 9.669137e+02 9.643686e+02 9.618235e+02 9.592785e+02 9.567334e+02 9.541883e+02 9.516432e+02 9.490981e+02 9.465530e+02 9.440079e+02 9.414628e+02 9.389177e+02 9.363726e+02 9.338275e+02 9.312824e+02 9.287373e+02 9.261922e+02 9.236471e+02 9.211020e+02 9.185569e+02 9.160118e+02 9.134667e+02 9.109216e+02 9.083765e+02 9.058314e+02 9.032863e+02 9.007412e+02 8.981961e+02 8.956510e+02 8.931059e+02 8.905608e+02 8.880157e+02 8.854706e+02 8.829255e+02 8.829255e+02 8.829255e+02 8.829255e+02 8.829255e+02 8.829255e+02
1.000000e+03 9.974549e+02 9.949098e+02 9.923647e+02 9.898196e+02 9.872745e+02 9.847294e+02 9.821843e+02 9.796392e+02 9.770941e+02 9.745490e+02 9.720039e+02 9.694588e+02 9.669137e+02 9.643686e+02 9.618235e+02 9.592785e+02 9.567334e+02 9.541883e+02 9.516432e+02 9.490981e+02 9.465530e+02 9.440079e+02 9.414628e+02 9.389177e+02 9.363726e+02 9.338275e+02 9.312824e+02 9.287373e+02 9.261922e+02 9.236471e+02 9.211020e+02 9.185569e+02 9.160118e+02 9.134667e+02 9.109216e+02 9.083765e+02 9.058314e+02 9.032863e+02 9.007412e+02 8.981961e+02 8.956510e+02 8.931059e+02 8.905608e+02 8.880157e+02 8.854706e+02 8.854706e+02 8.854706e+02 8.854706e+02 8.854706e+02 8.854706e+02 8.854706e+02
1.000000e+03 9.974549e+02 9.949098e+02 9.923647e+02 9.898196e+02 9.872745e+02 9.847294e+02 9.821843e+02 9.796392e+02 9.770941e+02 9.745490e+02 9.720039e+02 9.694588e+02 9.669137e+02 9.643686e+02 9.618235e+02 9.592785e+02 9.567334e+02 9.541883e+02 9.516432e+02 9.490981e+02 9.465530e+02 9.440079e+02 9.414628e+02 9.389177e+02 9.363726e+02 9.338275e+02 9.312824e+02 9.287373e+02 9.261922e+02 9.236471e+02 9.211020e+02 9.185569e+02 9.160118e+02 9.134667e+02 9.109216e+02 9.083765e+02 9.058314e+02 9.032863e+02 9.007412e+02 8.981961e+02 8.956510e+02 8.931059e+02 8.905608e+02 8.880157e+02 8.880157e+02 8.880157e+02 8.880157e+02 8.880157e+02 8.880157e+02 8.880157e+02 8.880157e+02
1.000000e+03 9.974549e+02 9.949098e+02 9.923647e+02 9.898196e+02 9.872745e+02 9.847294e+02 9.821843e+02 9.796392e+02 9.770941e+02 9.745490e+02 9.720039e+02 9.694588e+02 9.669137e+02 9.643686e+02 9.618235e+02 9.592785e+02 9.567334e+02 9.541883e+02 9.516432e+02 9.490981e+02 9.465530e+02 9.440079e+02 9.414628e+02 9.389177e+02 9.363726e+02 9.338275e+02 9.312824e+02 9.287373e+02 9.261922e+02 9.236471e+02 9.211020e+02 9.185569e+02 9.160118e+02 9.134667e+02 9.109216e+02 9.083765e+02 9.058314e+02 9.032863e+02 9.007412e+02 8.981961e+02 8.956510e+02 8.931059e+02 8.905608e+02 8.905608e+02 8.905608e+02 8.905608e+02 8.905608e+02 8.905608e+02 8.905608e+02 8.905608e+02 8.905608e+02
1.000000e+03 9.974549e+02 9.949098e+02 9.923647e+02 9.898196e+02 9.872745e+02 9.847294e+02 9.821843e+02 9.796392e+02 9.770941e+02 9.745490e+02 9.720039e+02 9.694588e+02 9.669137e+02 9.643686e+02 9.618235e+02 9.592785e+02 9.567334e+02 9.541883e+02 9.516432e+02 9.490981e+02 9.465530e+02 9.440079e+02 9.414628e+02 9.389177e+02 9.363726e+02 9.338275e+02 9.312824e+02 9.287373e+02 9.261922e+02 9.236471e+02 9.211020e+02 9.185569e+02 9.160118e+02 9.134667e+02 9.109216e+02 9.083765e+02 9.058314e+02 9.032863e+02 9.007412e+02 8.981961e+02 8.956510e+02 8.931059e+02 8.931059e+02 8.931059e+02 8.931059e+02 8.931059e+02 8.931059e+02 8.931059e+02 8.931059e+02 8.931059e+02 8.931059e+02
1.000000e+03 9.974549e+02 9.949098e+02 9.923647e+02 9.898196e+02 9.872745e+02 9.847294e+02 9.821843e+02 9.796392e+02 9.770941e+02 9.745490e+02 9.720039e+02 9.694588e+02 9.669137e+02 9.643686e+02 9.618235e+02 9.592785e+02 9.567334e+02 9.541883e+02 9.516432e+02 9.490981e+02 9.465530e+02 9.440079e+02 9.414628e+02 9.389177e+02 9.363726e+02 9.338275e+02 9.312824e+02 9.287373e+02 9.261922e+02 9.236471e+02 9.211020e+02 9.185569e+02 9.160118e+02 9.134667e+02 9.109216e+02 9.083765e+02 9.058314e+02 9.032863e+02 9.007412e+02 8.981961e+02 8.956510e+02 8.956510e+02 8.956510e+02 8.956510e+02 8.956510e+02 8.956510e+02 8.956510e+02 8.956510e+02 8.956510e+02 8.956510e+02 8.956510e+02
1.000000e+03 9.974549e+02 9.949098e+02 9.923647e+02 9.898196e+02 9.872745e+02 9.847294e+02 9.821843e+02 9.796392e+02 9.770941e+02 9.745490e+02 9.720039e+02 9.694588e+02 9.669137e+02 9.643686e+02 9.618235e+02 9.592785e+02 9.567334e+02 9.541883e+02 9.516432e+02 9.490981e+02 9.465530e+02 9.440079e+02 9.414628e+02 9.389177e+02 9.363726e+02 9.338275e+02 9.312824e+02 9.287373e+02 9.261922e+02 9.236471e+02 9.211020e+02 9.185569e+02 9.160118e+02 9.134667e+02 9.109216e+02 9.083765e+02 9.058314e+02 9.032863e+02 9.007412e+02 8.981961e+02 8.981961e+02 8.981961e+02 8.981961e+02 8.981961e+02 8.981961e+02 8.981961e+02 8.981961e+02 8.981961e+02 8.981961e+02 8.981961e+02 8.981961e+02
1.000000e+03 9.974549e+02 9.949098e+02 9.923647e+02 9.898196e+02 9.872745e+02 9.847294e+02 9.821843e+02 9.796392e+02 9.770941e+02 9.745490e+02 9.720039e+02 9.694588e+02 9.669137e+02 9.643686e+02 9.618235e+02 9.592785e+02 9.567334e+02 9.541883e+02 9.516432e+02 9.490981e+02 9.465530e+02 9.440079e+02 9.414628e+02 9.389177e+02 9.363726e+02 9.338275e+02 9.312824e+02 9.287373e+02 9.261922e+02 9.236471e+02 9.211020e+02 9.185569e+02 9.160118e+02 9.134667e+02 9.109216e+02 9.083765e+02 9.058314e+02 9.032863e+02 9.007412e+02 9.007412e+02 9.007412e+02 9.007412e+02 9.007412e+02 9.007412e+02 9.007412e+02 9.007412e+02 9.007412e+02 9.007412e+02 9.007412e+02 9.007412e+02 9.007412e+02
1.000000e+03 9.974549e+02 9.949098e+02 9.923647e+02 9.898196e+02 9.872745e+02 9.847294e+02 9.821843e+02 9.796392e+02 9.770941e+02 9.745490e+02 9.720039e+02 9.694588e+02 9.669137e+02 9.643686e+02 9.618235e+02 9.592785e+02 9.567334e+02 9.541883e+02 9.516432e+02 9.490981e+02 9.465530e+02 9.440079e+02 9.414628e+02 9.389177e+02 9.363726e+02 9.338275e+02 9.312824e+02 9.287373e+02 9.261922e+02 9.236471e+02 9.211020e+02 9.185569e+02 9.160118e+02 9.134667e+02 9.109216e+02 9.083765e+02 9.058314e+02 9.032863e+02 9.032863e+02 9.032863e+02 9.032863e+02 9.032863e+02 9.032863e+02 9.032863e+02 9.032863e+02 9.032863e+02 9.032863e+02 9.032863e+02 9.032863e+02 9.032863e+02 9.032863e+02
1.000000e+03 9.974549e+02 9.949098e+02 9.923647e+02 9.898196e+02 9.872745e+02 9.847294e+02 9.821843e+02 9.796392e+02 9.770941e+02 9.745490e+02 9.720039e+02 9.694588e+02 9.669137e+02 9.643686e+02 9.618235e+02 9.592785e+02 9.567334e+02 9.541883e+02 9.516432e+02 9.490981e+02 9.465530e+02 9.440079e+02 9.414628e+02 9.389177e+02 9.363726e+02 9.338275e+02 9.312824e+02 9.287373e+02 9.261922e+02 9.236471e+02 9.211020e+02 9.185569e+02 9.160118e+02 9.134667e+02 9.109216e+02 9.083765e+02 9.058314e+02 9.058314e+02 9.058314e+02 9.058314e+02 9.058314e+02 9.058314e+02 9.058314e+02 9.058314e+02 9.058314e+02 9.058314e+02 9.058314e+02 9.058314e+02 9.058314e+02 9.058314e+02 9.058314e+02
1.000000e+03 9.974549e+02 9.949098e+02 9.923647e+02 9.898196e+02 9.872745e+02 9.847294e+02 9.821843e+02 9.796392e+02 9.770941e+02 9.745490e+02 9.720039e+02 9.694588e+02 9.669137e+02 9.643686e+02 9.618235e+02 9.592785e+02 9.567334e+02 9.541883e+02 9.516432e+02 9.490981e+02 9.465530e+02 9.440079e+02 9.414628e+02 9.389177e+02 9.363726e+02 9.338275e+02 9.312824e+02 9.287373e+02 9.261922e+02 9.236471e+02 9.211020e+02 9.185569e+02 9.160118e+02 9.134667e+02 9.109216e+02 9.083765e+02 9.083765e+02 9.083765e+02 9.083765e+02 9.083765e+02 9.083765e+02 9.083765e+02 9.083765e+02 9.083765e+02 9.083765e+02 9.083765e+02 9.083765e+02 9.083765e+02 9.083765e+02 9.083765e+02 9.083765e+02
1.000000e+03 9.974549e+02 9.949098e+02 9.923647e+02 9.898196e+02 9.872745e+02 9.847294e+02 9.821843e+02 9.796392e+02 9.770941e+02 9.745490e+02 9.720039e+02 9.694588e+02 9.669137e+02 9.643686e+02 9.618235e+02 9.592785e+02 9.567334e+02 9.541883e+02 9.516432e+02 9.490981e+02 9.465530e+02 9.440079e+02 9.414628e+02 9.389177e+02 9.363726e+02 9.338275e+02 9.312824e+02 9.287373e+02 9.261922e+02 9.236471e+02 9.211020e+02 9.185569e+02 9.160118e+02 9.134667e+02 9.109216e+02 9.109216e+02 9.109216e+02 9.109216e+02 9.109216e+02 9.109216e+02 9.109216e+02 9.109216e+02 9.109216e+02 9.109216e+02 9.109216e+02 9.109216e+02 9.109216e+02 9.109216e+02 9.109216e+02 9.109216e+02 9.109216e+02
1.000000e+03 9.974549e+02 9.949098e+02 9.923647e+02 9.898196e+02 9.872745e+02 9.847294e+02 9.821843e+02 9.796392e+02 9.770941e+02 9.745490e+02 9.720039e+02 9.694588e+02 9.669137e+02 9.643686e+02 9.618235e+02 9.592785e+02 9.567334e+02 9.541883e+02 9.516432e+02 9.490981e+02 9.465530e+02 9.440079e+02 9.414628e+02 9.389177e+02 9.363726e+02 9.338275e+02 9.312824e+02 9.287373e+02 9.261922e+02 9.236471e+02 9.211020e+02 9.185569e+02 9.160118e+02 9.134667e+02 9.134667e+02 9.134667e+02 9.134667e+02 9.134667e+02 9.134667e+02 9.134667e+02 9.134667e+02 9.134667e+02 9.134667e+02 9.134667e+02 9.134667e+02 9.134667e+02 9.134667e+02 9.134667e+02 9.134667e+02 9.134667e+02 9.134667e+02
1.000000e+03 9.974549e+02 9.949098e+02 9.923647e+02 9.898196e+02 9.872745e+02 9.847294e+02 9.821843e+02 9.796392e+02 9.770941e+02 9.745490e+02 9.720039e+02 9.694588e+02 9.669137e+02 9.643686e+02 9.618235e+02 9.592785e+02 9.567334e+02 9.541883e+02 9.516432e+02 9.490981e+02 9.465530e+02 9.440079e+02 9.414628e+02 9.389177e+02 9.363726e+02 9.338275e+02 9.312824e+02 9.287373e+02 9.261922e+02 9.236471e+02 9.211020e+02 9.185569e+02 9.160118e+02 9.160118e+02 9.160118e+02 9.160118e+02 9.160118e+02 9.160118e+02 9.160118e+02 9.160118e+02 9.160118e+02 9.160118e+02 9.160118e+02 9.160118e+02 9.160118e+02 9.160118e+02 9.160118e+02 9.160118e+02 9.160118e+02 9.160118e+02 9.160118e+02
1.000000e+03 9.974549e+02 9.949098e+02 9.923647e+02 9.898196e+02 9.872745e+02 9.847294e+02 9.821843e+02 9.796392e+02 9.770941e+02 9.745490e+02 9.720039e+02 9.694588e+02 9.669137e+02 9.643686e+02 9.618235e+02 9.592785e+02 9.567334e+02 9.541883e+02 9.516432e+02 9.490981e+02 9.465530e+02 9.440079e+02 9.414628e+02 9.389177e+02 9.363726e+02 9.338275e+02 9.312824e+02 9.287373e+02 9.261922e+02 9.236471e+02 9.211020e+02 9.185569e+02 9.185569e+02 9.185569e+02 9.185569e+02 9.185569e+02 9.185569e+02 9.185569e+02 9.185569e+02 9.185569e+02 9.185569e+02 9.185569e+02 9.185569e+02 9.185569e+02 9.185569e+02 9.185569e+02 9.185569e+02 9.185569e+02 9.185569e+02 9.185569e+02 9.185569e+02
1.000000e+03 9.974549e+02 9.949098e+02 9.923647e+02 9.898196e+02 9.872745e+02 9.847294e+02 9.821843e+02 9.796392e+02 9.770941e+02 9.745490e+02 9.720039e+02 9.694588e+02 9.669137e+02 9.643686e+02 9.618235e+02 9.592785e+02 9.567334e+02 9.541883e+02 9.516432e+02 9.490981e+02 9.465530e+02 9.440079e+02 9.414628e+02 9.389177e+02 9.363726e+02 9.338275e+02 9.312824e+02 9.287373e+02 9.261922e+02 9.236471e+02 9.211020e+02 9.211020e+02 9.211020e+02 9.211020e+02 9.211020e+02 9.211020e+02 9.211020e+02 9.211020e+02 9.211020e+02 9.211020e+02 9.211020e+02 9.211020e+02 9.211020e+02 9.211020e+02 9.211020e+02 9.211020e+02 9.211020e+02 9.211020e+02 9.211020e+02 9.211020e+02 9.211020e+02
