topographies/valley20.64_[100,100,10][28.28,0.00,-28.28,270.00].asc
ncols 100
nrows 100
xllcorner 0.0
yllcorner 0.0
cellsize 10
nodata_value 0
[rows 0 to 22 of 100, columns 0 to 51 of 100]
1.000000e+03 9.945647e+02 9.891295e+02 9.836942e+02 9.782590e+02 9.728237e+02 9.673885e+02 9.619532e+02 9.565179e+02 9.510827e+02 9.456474e+02 9.402122e+02 9.347769e+02 9.293417e+02 9.239064e+02 9.184711e+02 9.130359e+02 9.076006e+02 9.021654e+02 8.967301e+02 8.912949e+02 8.858596e+02 8.804243e+02 8.749891e+02 8.695538e+02 8.641186e+02 8.586833e+02 8.532481e+02 8.478128e+02 8.423775e+02 8.369423e+02 8.315070e+02 8.260718e+02 8.206365e+02 8.152013e+02 8.097660e+02 8.043307e+02 7.988955e+02 7.934602e+02 7.880250e+02 7.825897e+02 7.771545e+02 7.717192e+02 7.662839e+02 7.608487e+02 7.554134e+02 7.499782e+02 7.445429e+02 7.391077e+02 7.336724e+02 7.282371e+02 7.228019e+02
1.000000e+03 9.945647e+02 9.891295e+02 9.836942e+02 9.782590e+02 9.728237e+02 9.673885e+02 9.619532e+02 9.565179e+02 9.510827e+02 9.456474e+02 9.402122e+02 9.347769e+02 9.293417e+02 9.239064e+02 9.184711e+02 9.130359e+02 9.076006e+02 9.021654e+02 8.967301e+02 8.912949e+02 8.858596e+02 8.804243e+02 8.749891e+02 8.695538e+02 8.641186e+02 8.586833e+02 8.532481e+02 8.478128e+02 8.423775e+02 8.369423e+02 8.315070e+02 8.260718e+02 8.206365e+02 8.152013e+02 8.097660e+02 8.043307e+02 7.988955e+02 7.934602e+02 7.880250e+02 7.825897e+02 7.771545e+02 7.717192e+02 7.662839e+02 7.608487e+02 7.554134e+02 7.499782e+02 7.445429e+02 7.391077e+02 7.336724e+02 7.282371e+02 7.228019e+02
1.000000e+03 9.945647e+02 9.891295e+02 9.836942e+02 9.782590e+02 9.728237e+02 9.673885e+02 9.619532e+02 9.565179e+02 9.510827e+02 9.456474e+02 9.402122e+02 9.347769e+02 9.293417e+02 9.239064e+02 9.184711e+02 9.130359e+02 9.076006e+02 9.021654e+02 8.967301e+02 8.912949e+02 8.858596e+02 8.804243e+02 8.749891e+02 8.695538e+02 8.641186e+02 8.586833e+02 8.532481e+02 8.478128e+02 8.423775e+02 8.369423e+02 8.315070e+02 8.260718e+02 8.206365e+02 8.152013e+02 8.097660e+02 8.043307e+02 7.988955e+02 7.934602e+02 7.880250e+02 7.825897e+02 7.771545e+02 7.717192e+02 7.662839e+02 7.608487e+02 7.554134e+02 7.499782e+02 7.445429e+02 7.391077e+02 7.336724e+02 7.282371e+02 7.228019e+02
1.000000e+03 9.945647e+02 9.891295e+02 9.836942e+02 9.782590e+02 9.728237e+02 9.673885e+02 9.619532e+02 9.565179e+02 9.510827e+02 9.456474e+02 9.402122e+02 9.347769e+02 9.293417e+02 9.239064e+02 9.184711e+02 9.130359e+02 9.076006e+02 9.021654e+02 8.967301e+02 8.912949e+02 8.858596e+02 8.804243e+02 8.749891e+02 8.695538e+02 8.641186e+02 8.586833e+02 8.532481e+02 8.478128e+02 8.423775e+02 8.369423e+02 8.315070e+02 8.260718e+02 8.206365e+02 8.152013e+02 8.097660e+02 8.043307e+02 7.988955e+02 7.934602e+02 7.880250e+02 7.825897e+02 7.771545e+02 7.717192e+02 7.662839e+02 7.608487e+02 7.554134e+02 7.499782e+02 7.445429e+02 7.391077e+02 7.336724e+02 7.282371e+02 7.228019e+02
1.000000e+03 9.945647e+02 9.891295e+02 9.836942e+02 9.782590e+02 9.728237e+02 9.673885e+02 9.619532e+02 9.565179e+02 9.510827e+02 9.456474e+02 9.402122e+02 9.347769e+02 9.293417e+02 9.239064e+02 9.184711e+02 9.130359e+02 9.076006e+02 9.021654e+02 8.967301e+02 8.912949e+02 8.858596e+02 8.804243e+02 8.749891e+02 8.695538e+02 8.641186e+02 8.586833e+02 8.532481e+02 8.478128e+02 8.423775e+02 8.369423e+02 8.315070e+02 8.260718e+02 8.206365e+02 8.152013e+02 8.097660e+02 8.043307e+02 7.988955e+02 7.934602e+02 7.880250e+02 7.825897e+02 7.771545e+02 7.717192e+02 7.662839e+02 7.608487e+02 7.554134e+02 7.499782e+02 7.445429e+02 7.391077e+02 7.336724e+02 7.282371e+02 7.228019e+02
1.000000e+03 9.945647e+02 9.891295e+02 9.836942e+02 9.782590e+02 9.728237e+02 9.673885e+02 9.619532e+02 9.565179e+02 9.510827e+02 9.456474e+02 9.402122e+02 9.347769e+02 9.293417e+02 9.239064e+02 9.184711e+02 9.130359e+02 9.076006e+02 9.021654e+02 8.967301e+02 8.912949e+02 8.858596e+02 8.804243e+02 8.749891e+02 8.695538e+02 8.641186e+02 8.586833e+02 8.532481e+02 8.478128e+02 8.423775e+02 8.369423e+02 8.315070e+02 8.260718e+02 8.206365e+02 8.152013e+02 8.097660e+02 8.043307e+02 7.988955e+02 7.934602e+02 7.880250e+02 7.825897e+02 7.771545e+02 7.717192e+02 7.662839e+02 7.608487e+02 7.554134e+02 7.499782e+02 7.445429e+02 7.391077e+02 7.336724e+02 7.282371e+02 7.228019e+02
1.000000e+03 9.945647e+02 9.891295e+02 9.836942e+02 9.782590e+02 9.728237e+02 9.673885e+02 9.619532e+02 9.565179e+02 9.510827e+02 9.456474e+02 9.402122e+02 9.347769e+02 9.293417e+02 9.239064e+02 9.184711e+02 9.130359e+02 9.076006e+02 9.021654e+02 8.967301e+02 8.912949e+02 8.858596e+02 8.804243e+02 8.749891e+02 8.695538e+02 8.641186e+02 8.586833e+02 8.532481e+02 8.478128e+02 8.423775e+02 8.369423e+02 8.315070e+02 8.260718e+02 8.206365e+02 8.152013e+02 8.097660e+02 8.043307e+02 7.988955e+02 7.934602e+02 7.880250e+02 7.825897e+02 7.771545e+02 7.717192e+02 7.662839e+02 7.608487e+02 7.554134e+02 7.499782e+02 7.445429e+02 7.391077e+02 7.336724e+02 7.282371e+02 7.228019e+02
1.000000e+03 9.945647e+02 9.891295e+02 9.836942e+02 9.782590e+02 9.728237e+02 9.673885e+02 9.619532e+02 9.565179e+02 9.510827e+02 9.456474e+02 9.402122e+02 9.347769e+02 9.293417e+02 9.239064e+02 9.184711e+02 9.130359e+02 9.076006e+02 9.021654e+02 8.967301e+02 8.912949e+02 8.858596e+02 8.804243e+02 8.749891e+02 8.695538e+02 8.641186e+02 8.586833e+02 8.532481e+02 8.478128e+02 8.423775e+02 8.369423e+02 8.315070e+02 8.260718e+02 8.206365e+02 8.152013e+02 8.097660e+02 8.043307e+02 7.988955e+02 7.934602e+02 7.880250e+02 7.825897e+02 7.771545e+02 7.717192e+02 7.662839e+02 7.608487e+02 7.554134e+02 7.499782e+02 7.445429e+02 7.391077e+02 7.336724e+02 7.282371e+02 7.228019e+02
1.000000e+03 9.945647e+02 9.891295e+02 9.836942e+02 9.782590e+02 9.728237e+02 9.673885e+02 9.619532e+02 9.565179e+02 9.510827e+02 9.456474e+02 9.402122e+02 9.347769e+02 9.293417e+02 9.239064e+02 9.184711e+02 9.130359e+02 9.076006e+02 9.021654e+02 8.967301e+02 8.912949e+02 8.858596e+02 8.804243e+02 8.749891e+02 8.695538e+02 8.641186e+02 8.586833e+02 8.532481e+02 8.478128e+02 8.423775e+02 8.369423e+02 8.315070e+02 8.260718e+02 8.206365e+02 8.152013e+02 8.097660e+02 8.043307e+02 7.988955e+02 7.934602e+02 7.880250e+02 7.825897e+02 7.771545e+02 7.717192e+02 7.662839e+02 7.608487e+02 7.554134e+02 7.499782e+02 7.445429e+02 7.391077e+02 7.336724e+02 7.282371e+02 7.228019e+02
1.000000e+03 9.945647e+02 9.891295e+02 9.836942e+02 9.782590e+02 9.728237e+02 9.673885e+02 9.619532e+02 9.565179e+02 9.510827e+02 9.456474e+02 9.402122e+02 9.347769e+02 9.293417e+02 9.239064e+02 9.184711e+02 9.130359e+02 9.076006e+02 9.021654e+02 8.967301e+02 8.912949e+02 8.858596e+02 8.804243e+02 8.749891e+02 8.695538e+02 8.641186e+02 8.586833e+02 8.532481e+02 8.478128e+02 8.423775e+02 8.369423e+02 8.315070e+02 8.260718e+02 8.206365e+02 8.152013e+02 8.097660e+02 8.043307e+02 7.988955e+02 7.934602e+02 7.880250e+02 7.825897e+02 7.771545e+02 7.717192e+02 7.662839e+02 7.608487e+02 7.554134e+02 7.499782e+02 7.445429e+02 7.391077e+02 7.336724e+02 7.282371e+02 7.228019e+02
1.000000e+03 9.945647e+02 9.891295e+02 9.836942e+02 9.782590e+02 9.728237e+02 9.673885e+02 9.619532e+02 9.565179e+02 9.510827e+02 9.456474e+02 9.402122e+02 9.347769e+02 9.293417e+02 9.239064e+02 9.184711e+02 9.130359e+02 9.076006e+02 9.021654e+02 8.967301e+02 8.912949e+02 8.858596e+02 8.804243e+02 8.749891e+02 8.695538e+02 8.641186e+02 8.586833e+02 8.532481e+02 8.478128e+02 8.423775e+02 8.369423e+02 8.315070e+02 8.260718e+02 8.206365e+02 8.152013e+02 8.097660e+02 8.043307e+02 7.988955e+02 7.934602e+02 7.880250e+02 7.825897e+02 7.771545e+02 7.717192e+02 7.662839e+02 7.608487e+02 7.554134e+02 7.499782e+02 7.445429e+02 7.391077e+02 7.336724e+02 7.282371e+02 7.228019e+02
1.000000e+03 9.945647e+02 9.891295e+02 9.836942e+02 9.782590e+02 9.728237e+02 9.673885e+02 9.619532e+02 9.565179e+02 9.510827e+02 9.456474e+02 9.402122e+02 9.347769e+02 9.293417e+02 9.239064e+02 9.184711e+02 9.130359e+02 9.076006e+02 9.021654e+02 8.967301e+02 8.912949e+02 8.858596e+02 8.804243e+02 8.749891e+02 8.695538e+02 8.641186e+02 8.586833e+02 8.532481e+02 8.478128e+02 8.423775e+02 8.369423e+02 8.315070e+02 8.260718e+02 8.206365e+02 8.152013e+02 8.097660e+02 8.043307e+02 7.988955e+02 7.934602e+02 7.880250e+02 7.825897e+02 7.771545e+02 7.717192e+02 7.662839e+02 7.608487e+02 7.554134e+02 7.499782e+02 7.445429e+02 7.391077e+02 7.336724e+02 7.282371e+02 7.228019e+02
1.000000e+03 9.945647e+02 9.891295e+02 9.836942e+02 9.782590e+02 9.728237e+02 9.673885e+02 9.619532e+02 9.565179e+02 9.510827e+02 9.456474e+02 9.402122e+02 9.347769e+02 9.293417e+02 9.239064e+02 9.184711e+02 9.130359e+02 9.076006e+02 9.021654e+02 8.967301e+02 8.912949e+02 8.858596e+02 8.804243e+02 8.749891e+02 8.695538e+02 8.641186e+02 8.586833e+02 8.532481e+02 8.478128e+02 8.423775e+02 8.369423e+02 8.315070e+02 8.260718e+02 8.206365e+02 8.152013e+02 8.097660e+02 8.043307e+02 7.988955e+02 7.934602e+02 7.880250e+02 7.825897e+02 7.771545e+02 7.717192e+02 7.662839e+02 7.608487e+02 7.554134e+02 7.499782e+02 7.445429e+02 7.391077e+02 7.336724e+02 7.282371e+02 7.228019e+02
1.000000e+03 9.945647e+02 9.891295e+02 9.836942e+02 9.782590e+02 9.728237e+02 9.673885e+02 9.619532e+02 9.565179e+02 9.510827e+02 9.456474e+02 9.402122e+02 9.347769e+02 9.293417e+02 9.239064e+02 9.184711e+02 9.130359e+02 9.076006e+02 9.021654e+02 8.967301e+02 8.912949e+02 8.858596e+02 8.804243e+02 8.749891e+02 8.695538e+02 8.641186e+02 8.586833e+02 8.532481e+02 8.478128e+02 8.423775e+02 8.369423e+02 8.315070e+02 8.260718e+02 8.206365e+02 8.152013e+02 8.097660e+02 8.043307e+02 7.988955e+02 7.934602e+02 7.880250e+02 7.825897e+02 7.771545e+02 7.717192e+02 7.662839e+02 7.608487e+02 7.554134e+02 7.499782e+02 7.445429e+02 7.391077e+02 7.336724e+02 7.282371e+02 7.228019e+02
1.000000e+03 9.945647e+02 9.891295e+02 9.836942e+02 9.782590e+02 9.728237e+02 9.673885e+02 9.619532e+02 9.565179e+02 9.510827e+02 9.456474e+02 9.402122e+02 9.347769e+02 9.293417e+02 9.239064e+02 9.184711e+02 9.130359e+02 9.076006e+02 9.021654e+02 8.967301e+02 8.912949e+02 8.858596e+02 8.804243e+02 8.749891e+02 8.695538e+02 8.641186e+02 8.586833e+02 8.532481e+02 8.478128e+02 8.423775e+02 8.369423e+02 8.315070e+02 8.260718e+02 8.206365e+02 8.152013e+02 8.097660e+02 8.043307e+02 7.988955e+02 7.934602e+02 7.880250e+02 7.825897e+02 7.771545e+02 7.717192e+02 7.662839e+02 7.608487e+02 7.554134e+02 7.499782e+02 7.445429e+02 7.391077e+02 7.336724e+02 7.282371e+02 7.228019e+02
1.000000e+03 9.945647e+02 9.891295e+02 9.836942e+02 9.782590e+02 9.728237e+02 9.673885e+02 9.619532e+02 9.565179e+02 9.510827e+02 9.456474e+02 9.402122e+02 9.347769e+02 9.293417e+02 9.239064e+02 9.184711e+02 9.130359e+02 9.076006e+02 9.021654e+02 8.967301e+02 8.912949e+02 8.858596e+02 8.804243e+02 8.749891e+02 8.695538e+02 8.641186e+02 8.586833e+02 8.532481e+02 8.478128e+02 8.423775e+02 8.369423e+02 8.315070e+02 8.260718e+02 8.206365e+02 8.152013e+02 8.097660e+02 8.043307e+02 7.988955e+02 7.934602e+02 7.880250e+02 7.825897e+02 7.771545e+02 7.717192e+02 7.662839e+02 7.608487e+02 7.554134e+02 7.499782e+02 7.445429e+02 7.391077e+02 7.336724e+02 7.282371e+02 7.228019e+02
1.000000e+03 9.945647e+02 9.891295e+02 9.836942e+02 9.782590e+02 9.728237e+02 9.673885e+02 9.619532e+02 9.565179e+02 9.510827e+02 9.456474e+02 9.402122e+02 9.347769e+02 9.293417e+02 9.239064e+02 9.184711e+02 9.130359e+02 9.076006e+02 9.021654e+02 8.967301e+02 8.912949e+02 8.858596e+02 8.804243e+02 8.749891e+02 8.695538e+02 8.641186e+02 8.586833e+02 8.532481e+02 8.478128e+02 8.423775e+02 8.369423e+02 8.315070e+02 8.260718e+02 8.206365e+02 8.152013e+02 8.097660e+02 8.043307e+02 7.988955e+02 7.934602e+02 7.880250e+02 7.825897e+02 7.771545e+02 7.717192e+02 7.662839e+02 7.608487e+02 7.554134e+02 7.499782e+02 7.445429e+02 7.391077e+02 7.336724e+02 7.282371e+02 7.228019e+02
1.000000e+03 9.945647e+02 9.891295e+02 9.836942e+02 9.782590e+02 9.728237e+02 9.673885e+02 9.619532e+02 9.565179e+02 9.510827e+02 9.456474e+02 9.402122e+02 9.347769e+02 9.293417e+02 9.239064e+02 9.184711e+02 9.130359e+02 9.076006e+02 9.021654e+02 8.967301e+02 8.912949e+02 8.858596e+02 8.804243e+02 8.749891e+02 8.695538e+02 8.641186e+02 8.586833e+02 8.532481e+02 8.478128e+02 8.423775e+02 8.369423e+02 8.315070e+02 8.260718e+02 8.206365e+02 8.152013e+02 8.097660e+02 8.043307e+02 7.988955e+02 7.934602e+02 7.880250e+02 7.825897e+02 7.771545e+02 7.717192e+02 7.662839e+02 7.608487e+02 7.554134e+02 7.499782e+02 7.445429e+02 7.391077e+02 7.336724e+02 7.282371e+02 7.228019e+02
1.000000e+03 9.945647e+02 9.891295e+02 9.836942e+02 9.782590e+02 9.728237e+02 9.673885e+02 9.619532e+02 9.565179e+02 9.510827e+02 9.456474e+02 9.402122e+02 9.347769e+02 9.293417e+02 9.239064e+02 9.184711e+02 9.130359e+02 9.076006e+02 9.021654e+02 8.967301e+02 8.912949e+02 8.858596e+02 8.804243e+02 8.749891e+02 8.695538e+02 8.641186e+02 8.586833e+02 8.532481e+02 8.478128e+02 8.423775e+02 8.369423e+02 8.315070e+02 8.260718e+02 8.206365e+02 8.152013e+02 8.097660e+02 8.043307e+02 7.988955e+02 7.934602e+02 7.880250e+02 7.825897e+02 7.771545e+02 7.717192e+02 7.662839e+02 7.608487e+02 7.554134e+02 7.499782e+02 7.445429e+02 7.391077e+02 7.336724e+02 7.282371e+02 7.228019e+02
1.000000e+03 9.945647e+02 9.891295e+02 9.836942e+02 9.782590e+02 9.728237e+02 9.673885e+02 9.619532e+02 9.565179e+02 9.510827e+02 9.456474e+02 9.402122e+02 9.347769e+02 9.293417e+02 9.239064e+02 9.184711e+02 9.130359e+02 9.076006e+02 9.021654e+02 8.967301e+02 8.912949e+02 8.858596e+02 8.804243e+02 8.749891e+02 8.695538e+02 8.641186e+02 8.586833e+02 8.532481e+02 8.478128e+02 8.423775e+02 8.369423e+02 8.315070e+02 8.260718e+02 8.206365e+02 8.152013e+02 8.097660e+02 8.043307e+02 7.988955e+02 7.934602e+02 7.880250e+02 7.825897e+02 7.771545e+02 7.717192e+02 7.662839e+02 7.608487e+02 7.554134e+02 7.499782e+02 7.445429e+02 7.391077e+02 7.336724e+02 7.282371e+02 7.228019e+02
1.000000e+03 9.945647e+02 9.891295e+02 9.836942e+02 9.782590e+02 9.728237e+02 9.673885e+02 9.619532e+02 9.565179e+02 9.510827e+02 9.456474e+02 9.402122e+02 9.347769e+02 9.293417e+02 9.239064e+02 9.184711e+02 9.130359e+02 9.076006e+02 9.021654e+02 8.967301e+02 8.912949e+02 8.858596e+02 8.804243e+02 8.749891e+02 8.695538e+02 8.641186e+02 8.586833e+02 8.532481e+02 8.478128e+02 8.423775e+02 8.369423e+02 8.315070e+02 8.260718e+02 8.206365e+02 8.152013e+02 8.097660e+02 8.043307e+02 7.988955e+02 7.934602e+02 7.880250e+02 7.825897e+02 7.771545e+02 7.717192e+02 7.662839e+02 7.608487e+02 7.554134e+02 7.499782e+02 7.445429e+02 7.391077e+02 7.336724e+02 7.282371e+02 7.228019e+02
1.000000e+03 9.945647e+02 9.891295e+02 9.836942e+02 9.782590e+02 9.728237e+02 9.673885e+02 9.619532e+02 9.565179e+02 9.510827e+02 9.456474e+02 9.402122e+02 9.347769e+02 9.293417e+02 9.239064e+02 9.184711e+02 9.130359e+02 9.076006e+02 9.021654e+02 8.967301e+02 8.912949e+02 8.858596e+02 8.804243e+02 8.749891e+02 8.695538e+02 8.641186e+02 8.586833e+02 8.532481e+02 8.478128e+02 8.423775e+02 8.369423e+02 8.315070e+02 8.260718e+02 8.206365e+02 8.152013e+02 8.097660e+02 8.043307e+02 7.988955e+02 7.934602e+02 7.880250e+02 7.825897e+02 7.771545e+02 7.717192e+02 7.662839e+02 7.608487e+02 7.554134e+02 7.499782e+02 7.445429e+02 7.391077e+02 7.336724e+02 7.282371e+02 7.228019e+02
1.000000e+03 9.945647e+02 9.891295e+02 9.836942e+02 9.782590e+02 9.728237e+02 9.673885e+02 9.619532e+02 9.565179e+02 9.510827e+02 9.456474e+02 9.402122e+02 9.347769e+02 9.293417e+02 9.239064e+02 9.184711e+02 9.130359e+02 9.076006e+02 9.021654e+02 8.967301e+02 8.912949e+02 8.858596e+02 8.804243e+02 8.749891e+02 8.695538e+02 8.641186e+02 8.586833e+02 8.532481e+02 8.478128e+02 8.423775e+02 8.369423e+02 8.315070e+02 8.260718e+02 8.206365e+02 8.152013e+02 8.097660e+02 8.043307e+02 7.988955e+02 7.934602e+02 7.880250e+02 7.825897e+02 7.771545e+02 7.717192e+02 7.662839e+02 7.608487e+02 7.554134e+02 7.499782e+02 7.445429e+02 7.391077e+02 7.336724e+02 7.282371e+02 7.228019e+02
