topographies/valley26.41_[100,100,10][35.36,0.00,-35.36,270.00].asc
ncols 100
nrows 100
xllcorner 0.0
yllcorner 0.0
cellsize 10
nodata_value 0
[rows 46 to 68 of 100, columns 0 to 51 of 100]
1.000000e+03 9.928334e+02 9.856669e+02 9.785003e+02 9.713337e+02 9.641671e+02 9.570006e+02 9.498340e+02 9.426674e+02 9.355009e+02 9.283343e+02 9.211677e+02 9.140012e+02 9.068346e+02 8.996680e+02 8.925014e+02 8.853349e+02 8.781683e+02 8.710017e+02 8.638352e+02 8.566686e+02 8.495020e+02 8.423354e+02 8.351689e+02 8.280023e+02 8.208357e+02 8.136692e+02 8.065026e+02 7.993360e+02 7.921694e+02 7.850029e+02 7.778363e+02 7.706697e+02 7.635032e+02 7.563366e+02 7.491700e+02 7.420035e+02 7.348369e+02 7.276703e+02 7.205037e+02 7.133372e+02 7.061706e+02 6.990040e+02 6.918375e+02 6.846709e+02 6.775043e+02 6.703377e+02 6.631712e+02 6.560046e+02 6.488380e+02 6.416715e+02 6.345049e+02
1.000000e+03 9.928334e+02 9.856669e+02 9.785003e+02 9.713337e+02 9.641671e+02 9.570006e+02 9.498340e+02 9.426674e+02 9.355009e+02 9.283343e+02 9.211677e+02 9.140012e+02 9.068346e+02 8.996680e+02 8.925014e+02 8.853349e+02 8.781683e+02 8.710017e+02 8.638352e+02 8.566686e+02 8.495020e+02 8.423354e+02 8.351689e+02 8.280023e+02 8.208357e+02 8.136692e+02 8.065026e+02 7.993360e+02 7.921694e+02 7.850029e+02 7.778363e+02 7.706697e+02 7.635032e+02 7.563366e+02 7.491700e+02 7.420035e+02 7.348369e+02 7.276703e+02 7.205037e+02 7.133372e+02 7.061706e+02 6.990040e+02 6.918375e+02 6.846709e+02 6.775043e+02 6.703377e+02 6.631712e+02 6.560046e+02 6.488380e+02 6.416715e+02 6.345049e+02
1.000000e+03 9.928334e+02 9.856669e+02 9.785003e+02 9.713337e+02 9.641671e+02 9.570006e+02 9.498340e+02 9.426674e+02 9.355009e+02 9.283343e+02 9.211677e+02 9.140012e+02 9.068346e+02 8.996680e+02 8.925014e+02 8.853349e+02 8.781683e+02 8.710017e+02 8.638352e+02 8.566686e+02 8.495020e+02 8.423354e+02 8.351689e+02 8.280023e+02 8.208357e+02 8.136692e+02 8.065026e+02 7.993360e+02 7.921694e+02 7.850029e+02 7.778363e+02 7.706697e+02 7.635032e+02 7.563366e+02 7.491700e+02 7.420035e+02 7.348369e+02 7.276703e+02 7.205037e+02 7.133372e+02 7.061706e+02 6.990040e+02 6.918375e+02 6.846709e+02 6.775043e+02 6.703377e+02 6.631712e+02 6.560046e+02 6.488380e+02 6.416715e+02 6.345049e+02
1.000000e+03 9.928334e+02 9.856669e+02 9.785003e+02 9.713337e+02 9.641671e+02 9.570006e+02 9.498340e+02 9.426674e+02 9.355009e+02 9.283343e+02 9.211677e+02 9.140012e+02 9.068346e+02 8.996680e+02 8.925014e+02 8.853349e+02 8.781683e+02 8.710017e+02 8.638352e+02 8.566686e+02 8.495020e+02 8.423354e+02 8.351689e+02 8.280023e+02 8.208357e+02 8.136692e+02 8.065026e+02 7.993360e+02 7.921694e+02 7.850029e+02 7.778363e+02 7.706697e+02 7.635032e+02 7.563366e+02 7.491700e+02 7.420035e+02 7.348369e+02 7.276703e+02 7.205037e+02 7.133372e+02 7.061706e+02 6.990040e+02 6.918375e+02 6.846709e+02 6.775043e+02 6.703377e+02 6.631712e+02 6.560046e+02 6.488380e+02 6.416715e+02 6.416715e+02
1.000000e+03 9.928334e+02 9.856669e+02 9.785003e+02 9.713337e+02 9.641671e+02 9.570006e+02 9.498340e+02 9.426674e+02 9.355009e+02 9.283343e+02 9.211677e+02 9.140012e+02 9.068346e+02 8.996680e+02 8.925014e+02 8.853349e+02 8.781683e+02 8.710017e+02 8.638352e+02 8.566686e+02 8.495020e+02 8.423354e+02 8.351689e+02 8.280023e+02 8.208357e+02 8.136692e+02 8.065026e+02 7.993360e+02 7.921694e+02 7.850029e+02 7.778363e+02 7.706697e+02 7.635032e+02 7.563366e+02 7.491700e+02 7.420035e+02 7.348369e+02 7.276703e+02 7.205037e+02 7.133372e+02 7.061706e+02 6.990040e+02 6.918375e+02 6.846709e+02 6.775043e+02 6.703377e+02 6.631712e+02 6.560046e+02 6.488380e+02 6.488380e+02 6.488380e+02
1.000000e+03 9.928334e+02 9.856669e+02 9.785003e+02 9.713337e+02 9.641671e+02 9.570006e+02 9.498340e+02 9.426674e+02 9.355009e+02 9.283343e+02 9.211677e+02 9.140012e+02 9.068346e+02 8.996680e+02 8.925014e+02 8.853349e+02 8.781683e+02 8.710017e+02 8.638352e+02 8.566686e+02 8.495020e+02 8.423354e+02 8.351689e+02 8.280023e+02 8.208357e+02 8.136692e+02 8.065026e+02 7.993360e+02 7.921694e+02 7.850029e+02 7.778363e+02 7.706697e+02 7.635032e+02 7.563366e+02 7.491700e+02 7.420035e+02 7.348369e+02 7.276703e+02 7.205037e+02 7.133372e+02 7.061706e+02 6.990040e+02 6.918375e+02 6.846709e+02 6.775043e+02 6.703377e+02 6.631712e+02 6.560046e+02 6.560046e+02 6.560046e+02 6.560046e+02
1.000000e+03 9.928334e+02 9.856669e+02 9.785003e+02 9.713337e+02 9.641671e+02 9.570006e+02 9.498340e+02 9.426674e+02 9.355009e+02 9.283343e+02 9.211677e+02 9.140012e+02 9.068346e+02 8.996680e+02 8.925014e+02 8.853349e+02 8.781683e+02 8.710017e+02 8.638352e+02 8.566686e+02 8.495020e+02 8.423354e+02 8.351689e+02 8.280023e+02 8.208357e+02 8.136692e+02 8.065026e+02 7.993360e+02 7.921694e+02 7.850029e+02 7.778363e+02 7.706697e+02 7.635032e+02 7.563366e+02 7.491700e+02 7.420035e+02 7.348369e+02 7.276703e+02 7.205037e+02 7.133372e+02 7.061706e+02 6.990040e+02 6.918375e+02 6.846709e+02 6.775043e+02 6.703377e+02 6.631712e+02 6.631712e+02 6.631712e+02 6.631712e+02 6.631712e+02
1.000000e+03 9.928334e+02 9.856669e+02 9.785003e+02 9.713337e+02 9.641671e+02 9.570006e+02 9.498340e+02 9.426674e+02 9.355009e+02 9.283343e+02 9.211677e+02 9.140012e+02 9.068346e+02 8.996680e+02 8.925014e+02 8.853349e+02 8.781683e+02 8.710017e+02 8.638352e+02 8.566686e+02 8.495020e+02 8.423354e+02 8.351689e+02 8.280023e+02 8.208357e+02 8.136692e+02 8.065026e+02 7.993360e+02 7.921694e+02 7.850029e+02 7.778363e+02 7.706697e+02 7.635032e+02 7.563366e+02 7.491700e+02 7.420035e+02 7.348369e+02 7.276703e+02 7.205037e+02 7.133372e+02 7.061706e+02 6.990040e+02 6.918375e+02 6.846709e+02 6.775043e+02 6.703377e+02 6.703377e+02 6.703377e+02 6.703377e+02 6.703377e+02 6.703377e+02
1.000000e+03 9.928334e+02 9.856669e+02 9.785003e+02 9.713337e+02 9.641671e+02 9.570006e+02 9.498340e+02 9.426674e+02 9.355009e+02 9.283343e+02 9.211677e+02 9.140012e+02 9.068346e+02 8.996680e+02 8.925014e+02 8.853349e+02 8.781683e+02 8.710017e+02 8.638352e+02 8.566686e+02 8.495020e+02 8.423354e+02 8.351689e+02 8.280023e+02 8.208357e+02 8.136692e+02 8.065026e+02 7.993360e+02 7.921694e+02 7.850029e+02 7.778363e+02 7.706697e+02 7.635032e+02 7.563366e+02 7.491700e+02 7.420035e+02 7.348369e+02 7.276703e+02 7.205037e+02 7.133372e+02 7.061706e+02 6.990040e+02 6.918375e+02 6.846709e+02 6.775043e+02 6.775043e+02 6.775043e+02 6.775043e+02 6.775043e+02 6.775043e+02 6.775043e+02
1.000000e+03 9.928334e+02 9.856669e+02 9.785003e+02 9.713337e+02 9.641671e+02 9.570006e+02 9.498340e+02 9.426674e+02 9.355009e+02 9.283343e+02 9.211677e+02 9.140012e+02 9.068346e+02 8.996680e+02 8.925014e+02 8.853349e+02 8.781683e+02 8.710017e+02 8.638352e+02 8.566686e+02 8.495020e+02 8.423354e+02 8.351689e+02 8.280023e+02 8.208357e+02 8.136692e+02 8.065026e+02 7.993360e+02 7.921694e+02 7.850029e+02 7.778363e+02 7.706697e+02 7.635032e+02 7.563366e+02 7.491700e+02 7.420035e+02 7.348369e+02 7.276703e+02 7.205037e+02 7.133372e+02 7.061706e+02 6.990040e+02 6.918375e+02 6.846709e+02 6.846709e+02 6.846709e+02 6.846709e+02 6.846709e+02 6.846709e+02 6.846709e+02 6.846709e+02
1.000000e+03 9.928334e+02 9.856669e+02 9.785003e+02 9.713337e+02 9.641671e+02 9.570006e+02 9.498340e+02 9.426674e+02 9.355009e+02 9.283343e+02 9.211677e+02 9.140012e+02 9.068346e+02 8.996680e+02 8.925014e+02 8.853349e+02 8.781683e+02 8.710017e+02 8.638352e+02 8.566686e+02 8.495020e+02 8.423354e+02 8.351689e+02 8.280023e+02 8.208357e+02 8.136692e+02 8.065026e+02 7.993360e+02 7.921694e+02 7.850029e+02 7.778363e+02 7.706697e+02 7.635032e+02 7.563366e+02 7.491700e+02 7.420035e+02 7.348369e+02 7.276703e+02 7.205037e+02 7.133372e+02 7.061706e+02 6.990040e+02 6.918375e+02 6.918375e+02 6.918375e+02 6.918375e+02 6.918375e+02 6.918375e+02 6.918375e+02 6.918375e+02 6.918375e+02
1.000000e+03 9.928334e+02 9.856669e+02 9.785003e+02 9.713337e+02 9.641671e+02 9.570006e+02 9.498340e+02 9.426674e+02 9.355009e+02 9.283343e+02 9.211677e+02 9.140012e+02 9.068346e+02 8.996680e+02 8.925014e+02 8.853349e+02 8.781683e+02 8.710017e+02 8.638352e+02 8.566686e+02 8.495020e+02 8.423354e+02 8.351689e+02 8.280023e+02 8.208357e+02 8.136692e+02 8.065026e+02 7.993360e+02 7.921694e+02 7.850029e+02 7.778363e+02 7.706697e+02 7.635032e+02 7.563366e+02 7.491700e+02 7.420035e+02 7.348369e+02 7.276703e+02 7.205037e+02 7.133372e+02 7.061706e+02 6.990040e+02 6.990040e+02 6.990040e+02 6.990040e+02 6.990040e+02 6.990040e+02 6.990040e+02 6.990040e+02 6.990040e+02 6.990040e+02
1.000000e+03 9.928334e+02 9.856669e+02 9.785003e+02 9.713337e+02 9.641671e+02 9.570006e+02 9.498340e+02 9.426674e+02 9.355009e+02 9.283343e+02 9.211677e+02 9.140012e+02 9.068346e+02 8.996680e+02 8.925014e+02 8.853349e+02 8.781683e+02 8.710017e+02 8.638352e+02 8.566686e+02 8.495020e+02 8.423354e+02 8.351689e+02 8.280023e+02 8.208357e+02 8.136692e+02 8.065026e+02 7.993360e+02 7.921694e+02 7.850029e+02 7.778363e+02 7.706697e+02 7.635032e+02 7.563366e+02 7.491700e+02 7.420035e+02 7.348369e+02 7.276703e+02 7.205037e+02 7.133372e+02 7.061706e+02 7.061706e+02 7.061706e+02 7.061706e+02 7.061706e+02 7.061706e+02 7.061706e+02 7.061706e+02 7.061706e+02 7.061706e+02 7.061706e+02
1.000000e+03 9.928334e+02 9.856669e+02 9.785003e+02 9.713337e+02 9.641671e+02 9.570006e+02 9.498340e+02 9.426674e+02 9.355009e+02 9.283343e+02 9.211677e+02 9.140012e+02 9.068346e+02 8.996680e+02 8.925014e+02 8.853349e+02 8.781683e+02 8.710017e+02 8.638352e+02 8.566686e+02 8.495020e+02 8.423354e+02 8.351689e+02 8.280023e+02 8.208357e+02 8.136692e+02 8.065026e+02 7.993360e+02 7.921694e+02 7.850029e+02 7.778363e+02 7.706697e+02 7.635032e+02 7.563366e+02 7.491700e+02 7.420035e+02 7.348369e+02 7.276703e+02 7.205037e+02 7.133372e+02 7.133372e+02 7.133372e+02 7.133372e+02 7.133372e+02 7.133372e+02 7.133372e+02 7.133372e+02 7.133372e+02 7.133372e+02 7.133372e+02 7.133372e+02
1.000000e+03 9.928334e+02 9.856669e+02 9.785003e+02 9.713337e+02 9.641671e+02 9.570006e+02 9.498340e+02 9.426674e+02 9.355009e+02 9.283343e+02 9.211677e+02 9.140012e+02 9.068346e+02 8.996680e+02 8.925014e+02 8.853349e+02 8.781683e+02 8.710017e+02 8.638352e+02 8.566686e+02 8.495020e+02 8.423354e+02 8.351689e+02 8.280023e+02 8.208357e+02 8.136692e+02 8.065026e+02 7.993360e+02 7.921694e+02 7.850029e+02 7.778363e+02 7.706697e+02 7.635032e+02 7.563366e+02 7.491700e+02 7.420035e+02 7.348369e+02 7.276703e+02 7.205037e+02 7.205037e+02 7.205037e+02 7.205037e+02 7.205037e+02 7.205037e+02 7.205037e+02 7.205037e+02 7.205037e+02 7.205037e+02 7.205037e+02 7.205037e+02 7.205037e+02
1.000000e+03 9.928334e+02 9.856669e+02 9.785003e+02 9.713337e+02 9.641671e+02 9.570006e+02 9.498340e+02 9.426674e+02 9.355009e+02 9.283343e+02 9.211677e+02 9.140012e+02 9.068346e+02 8.996680e+02 8.925014e+02 8.853349e+02 8.781683e+02 8.710017e+02 8.638352e+02 8.566686e+02 8.495020e+02 8.423354e+02 8.351689e+02 8.280023e+02 8.208357e+02 8.136692e+02 8.065026e+02 7.993360e+02 7.921694e+02 7.850029e+02 7.778363e+02 7.706697e+02 7.635032e+02 7.563366e+02 7.491700e+02 7.420035e+02 7.348369e+02 7.276703e+02 7.276703e+02 7.276703e+02 7.276703e+02 7.276703e+02 7.276703e+02 7.276703e+02 7.276703e+02 7.276703e+02 7.276703e+02 7.276703e+02 7.276703e+02 7.276703e+02 7.276703e+02
1.000000e+03 9.928334e+02 9.856669e+02 9.785003e+02 9.713337e+02 9.641671e+02 9.570006e+02 9.498340e+02 9.426674e+02 9.355009e+02 9.283343e+02 9.211677e+02 9.140012e+02 9.068346e+02 8.996680e+02 8.925014e+02 8.853349e+02 8.781683e+02 8.710017e+02 8.638352e+02 8.566686e+02 8.495020e+02 8.423354e+02 8.351689e+02 8.280023e+02 8.208357e+02 8.136692e+02 8.065026e+02 7.993360e+02 7.921694e+02 7.850029e+02 7.778363e+02 7.706697e+02 7.635032e+02 7.563366e+02 7.491700e+02 7.420035e+02 7.348369e+02 7.348369e+02 7.348369e+02 7.348369e+02 7.348369e+02 7.348369e+02 7.348369e+02 7.348369e+02 7.348369e+02 7.348369e+02 7.348369e+02 7.348369e+02 7.348369e+02 7.348369e+02 7.348369e+02
1.000000e+03 9.928334e+02 9.856669e+02 9.785003e+02 9.713337e+02 9.641671e+02 9.570006e+02 9.498340e+02 9.426674e+02 9.355009e+02 9.283343e+02 9.211677e+02 9.140012e+02 9.068346e+02 8.996680e+02 8.925014e+02 8.853349e+02 8.781683e+02 8.710017e+02 8.638352e+02 8.566686e+02 8.495020e+02 8.423354e+02 8.351689e+02 8.280023e+02 8.208357e+02 8.136692e+02 8.065026e+02 7.993360e+02 7.921694e+02 7.850029e+02 7.778363e+02 7.706697e+02 7.635032e+02 7.563366e+02 7.491700e+02 7.420035e+02 7.420035e+02 7.420035e+02 7.420035e+02 7.420035e+02 7.420035e+02 7.420035e+02 7.420035e+02 7.420035e+02 7.420035e+02 7.420035e+02 7.420035e+02 7.420035e+02 7.420035e+02 7.420035e+02 7.420035e+02
1.000000e+03 9.928334e+02 9.856669e+02 9.785003e+02 9.713337e+02 9.641671e+02 9.570006e+02 9.498340e+02 9.426674e+02 9.355009e+02 9.283343e+02 9.211677e+02 9.140012e+02 9.068346e+02 8.996680e+02 8.925014e+02 8.853349e+02 8.781683e+02 8.710017e+02 8.638352e+02 8.566686e+02 8.495020e+02 8.423354e+02 8.351689e+02 8.280023e+02 8.208357e+02 8.136692e+02 8.065026e+02 7.993360e+02 7.921694e+02 7.850029e+02 7.778363e+02 7.706697e+02 7.635032e+02 7.563366e+02 7.491700e+02 7.491700e+02 7.491700e+02 7.491700e+02 7.491700e+02 7.491700e+02 7.491700e+02 7.491700e+02 7.491700e+02 7.491700e+02 7.491700e+02 7.491700e+02 7.491700e+02 7.491700e+02 7.491700e+02 7.491700e+02 7.491700e+02
1.000000e+03 9.928334e+02 9.856669e+02 9.785003e+02 9.713337e+02 9.641671e+02 9.570006e+02 9.498340e+02 9.426674e+02 9.355009e+02 9.283343e+02 9.211677e+02 9.140012e+02 9.068346e+02 8.996680e+02 8.925014e+02 8.853349e+02 8.781683e+02 8.710017e+02 8.638352e+02 8.566686e+02 8.495020e+02 8.423354e+02 8.351689e+02 8.280023e+02 8.208357e+02 8.136692e+02 8.065026e+02 7.993360e+02 7.921694e+02 7.850029e+02 7.778363e+02 7.706697e+02 7.635032e+02 7.563366e+02 7.563366e+02 7.563366e+02 7.563366e+02 7.563366e+02 7.563366e+02 7.563366e+02 7.563366e+02 7.563366e+02 7.563366e+02 7.563366e+02 7.563366e+02 7.563366e+02 7.563366e+02 7.563366e+02 7.563366e+02 7.563366e+02 7.563366e+02
1.000000e+03 9.928334e+02 9.856669e+02 9.785003e+02 9.713337e+02 9.641671e+02 9.570006e+02 9.498340e+02 9.426674e+02 9.355009e+02 9.283343e+02 9.211677e+02 9.140012e+02 9.068346e+02 8.996680e+02 8.925014e+02 8.853349e+02 8.781683e+02 8.710017e+02 8.638352e+02 8.566686e+02 8.495020e+02 8.423354e+02 8.351689e+02 8.280023e+02 8.208357e+02 8.136692e+02 8.065026e+02 7.993360e+02 7.921694e+02 7.850029e+02 7.778363e+02 7.706697e+02 7.635032e+02 7.635032e+02 7.635032e+02 7.635032e+02 7.635032e+02 7.635032e+02 7.635032e+02 7.635032e+02 7.635032e+02 7.635032e+02 7.635032e+02 7.635032e+02 7.635032e+02 7.635032e+02 7.635032e+02 7.635032e+02 7.635032e+02 7.635032e+02 7.635032e+02
1.000000e+03 9.928334e+02 9.856669e+02 9.785003e+02 9.713337e+02 9.641671e+02 9.570006e+02 9.498340e+02 9.426674e+02 9.355009e+02 9.283343e+02 9.211677e+02 9.140012e+02 9.068346e+02 8.996680e+02 8.925014e+02 8.853349e+02 8.781683e+02 8.710017e+02 8.638352e+02 8.566686e+02 8.495020e+02 8.423354e+02 8.351689e+02 8.280023e+02 8.208357e+02 8.136692e+02 8.065026e+02 7.993360e+02 7.921694e+02 7.850029e+02 7.778363e+02 7.706697e+02 7.706697e+02 7.706697e+02 7.706697e+02 7.706697e+02 7.706697e+02 7.706697e+02 7.706697e+02 7.706697e+02 7.706697e+02 7.706697e+02 7.706697e+02 7.706697e+02 7.706697e+02 7.706697e+02 7.706697e+02 7.706697e+02 7.706697e+02 7.706697e+02 7.706697e+02
1.000000e+03 9.928334e+02 9.856669e+02 9.785003e+02 9.713337e+02 9.641671e+02 9.570006e+02 9.498340e+02 9.426674e+02 9.355009e+02 9.283343e+02 9.211677e+02 9.140012e+02 9.068346e+02 8.996680e+02 8.925014e+02 8.853349e+02 8.781683e+02 8.710017e+02 8.638352e+02 8.566686e+02 8.495020e+02 8.423354e+02 8.351689e+02 8.280023e+02 8.208357e+02 8.136692e+02 8.065026e+02 7.993360e+02 7.921694e+02 7.850029e+02 7.778363e+02 7.778363e+02 7.778363e+02 7.778363e+02 7.778363e+02 7.778363e+02 7.778363e+02 7.778363e+02 7.778363e+02 7.778363e+02 7.778363e+02 7.778363e+02 7.778363e+02 7.778363e+02 7.778363e+02 7.778363e+02 7.778363e+02 7.778363e+02 7.778363e+02 7.778363e+02 7.778363e+02
