topographies/valley32.61_[100,100,10][42.43,0.00,-42.43,270.00].asc
ncols 100
nrows 100
xllcorner 0.0
yllcorner 0.0
cellsize 10
nodata_value 0
[rows 69 to 91 of 100, columns 0 to 51 of 100]
1.000000e+03 9.907680e+02 9.815359e+02 9.723039e+02 9.630719e+02 9.538398e+02 9.446078e+02 9.353758e+02 9.261438e+02 9.169117e+02 9.076797e+02 8.984477e+02 8.892156e+02 8.799836e+02 8.707516e+02 8.615195e+02 8.522875e+02 8.430555e+02 8.338235e+02 8.245914e+02 8.153594e+02 8.061274e+02 7.968953e+02 7.876633e+02 7.784313e+02 7.691992e+02 7.599672e+02 7.507352e+02 7.415031e+02 7.322711e+02 7.230391e+02 7.230391e+02 7.230391e+02 7.230391e+02 7.230391e+02 7.230391e+02 7.230391e+02 7.230391e+02 7.230391e+02 7.230391e+02 7.230391e+02 7.230391e+02 7.230391e+02 7.230391e+02 7.230391e+02 7.230391e+02 7.230391e+02 7.230391e+02 7.230391e+02 7.230391e+02 7.230391e+02 7.230391e+02
1.000000e+03 9.907680e+02 9.815359e+02 9.723039e+02 9.630719e+02 9.538398e+02 9.446078e+02 9.353758e+02 9.261438e+02 9.169117e+02 9.076797e+02 8.984477e+02 8.892156e+02 8.799836e+02 8.707516e+02 8.615195e+02 8.522875e+02 8.430555e+02 8.338235e+02 8.245914e+02 8.153594e+02 8.061274e+02 7.968953e+02 7.876633e+02 7.784313e+02 7.691992e+02 7.599672e+02 7.507352e+02 7.415031e+02 7.322711e+02 7.322711e+02 7.322711e+02 7.322711e+02 7.322711e+02 7.322711e+02 7.322711e+02 7.322711e+02 7.322711e+02 7.322711e+02 7.322711e+02 7.322711e+02 7.322711e+02 7.322711e+02 7.322711e+02 7.322711e+02 7.322711e+02 7.322711e+02 7.322711e+02 7.322711e+02 7.322711e+02 7.322711e+02 7.322711e+02
1.000000e+03 9.907680e+02 9.815359e+02 9.723039e+02 9.630719e+02 9.538398e+02 9.446078e+02 9.353758e+02 9.261438e+02 9.169117e+02 9.076797e+02 8.984477e+02 8.892156e+02 8.799836e+02 8.707516e+02 8.615195e+02 8.522875e+02 8.430555e+02 8.338235e+02 8.245914e+02 8.153594e+02 8.061274e+02 7.968953e+02 7.876633e+02 7.784313e+02 7.691992e+02 7.599672e+02 7.507352e+02 7.415031e+02 7.415031e+02 7.415031e+02 7.415031e+02 7.415031e+02 7.415031e+02 7.415031e+02 7.415031e+02 7.415031e+02 7.415031e+02 7.415031e+02 7.415031e+02 7.415031e+02 7.415031e+02 7.415031e+02 7.415031e+02 7.415031e+02 7.415031e+02 7.415031e+02 7.415031e+02 7.415031e+02 7.415031e+02 7.415031e+02 7.415031e+02
1.000000e+03 9.907680e+02 9.815359e+02 9.723039e+02 9.630719e+02 9.538398e+02 9.446078e+02 9.353758e+02 9.261438e+02 9.169117e+02 9.076797e+02 8.984477e+02 8.892156e+02 8.799836e+02 8.707516e+02 8.615195e+02 8.522875e+02 8.430555e+02 8.338235e+02 8.245914e+02 8.153594e+02 8.061274e+02 7.968953e+02 7.876633e+02 7.784313e+02 7.691992e+02 7.599672e+02 7.507352e+02 7.507352e+02 7.507352e+02 7.507352e+02 7.507352e+02 7.507352e+02 7.507352e+02 7.507352e+02 7.507352e+02 7.507352e+02 7.507352e+02 7.507352e+02 7.507352e+02 7.507352e+02 7.507352e+02 7.507352e+02 7.507352e+02 7.507352e+02 7.507352e+02 7.507352e+02 7.507352e+02 7.507352e+02 7.507352e+02 7.507352e+02 7.507352e+02
1.000000e+03 9.907680e+02 9.815359e+02 9.723039e+02 9.630719e+02 9.538398e+02 9.446078e+02 9.353758e+02 9.261438e+02 9.169117e+02 9.076797e+02 8.984477e+02 8.892156e+02 8.799836e+02 8.707516e+02 8.615195e+02 8.522875e+02 8.430555e+02 8.338235e+02 8.245914e+02 8.153594e+02 8.061274e+02 7.968953e+02 7.876633e+02 7.784313e+02 7.691992e+02 7.599672e+02 7.599672e+02 7.599672e+02 7.599672e+02 7.599672e+02 7.599672e+02 7.599672e+02 7.599672e+02 7.599672e+02 7.599672e+02 7.599672e+02 7.599672e+02 7.599672e+02 7.599672e+02 7.599672e+02 7.599672e+02 7.599672e+02 7.599672e+02 7.599672e+02 7.599672e+02 7.599672e+02 7.599672e+02 7.599672e+02 7.599672e+02 7.599672e+02 7.599672e+02
1.000000e+03 9.907680e+02 9.815359e+02 9.723039e+02 9.630719e+02 9.538398e+02 9.446078e+02 9.353758e+02 9.261438e+02 9.169117e+02 9.076797e+02 8.984477e+02 8.892156e+02 8.799836e+02 8.707516e+02 8.615195e+02 8.522875e+02 8.430555e+02 8.338235e+02 8.245914e+02 8.153594e+02 8.061274e+02 7.968953e+02 7.876633e+02 7.784313e+02 7.691992e+02 7.691992e+02 7.691992e+02 7.691992e+02 7.691992e+02 7.691992e+02 7.691992e+02 7.691992e+02 7.691992e+02 7.691992e+02 7.691992e+02 7.691992e+02 7.691992e+02 7.691992e+02 7.691992e+02 7.691992e+02 7.691992e+02 7.691992e+02 7.691992e+02 7.691992e+02 7.691992e+02 7.691992e+02 7.691992e+02 7.691992e+02 7.691992e+02 7.691992e+02 7.691992e+02
1.000000e+03 9.907680e+02 9.815359e+02 9.723039e+02 9.630719e+02 9.538398e+02 9.446078e+02 9.353758e+02 9.261438e+02 9.169117e+02 9.076797e+02 8.984477e+02 8.892156e+02 8.799836e+02 8.707516e+02 8.615195e+02 8.522875e+02 8.430555e+02 8.338235e+02 8.245914e+02 8.153594e+02 8.061274e+02 7.968953e+02 7.876633e+02 7.784313e+02 7.784313e+02 7.784313e+02 7.784313e+02 7.784313e+02 7.784313e+02 7.784313e+02 7.784313e+02 7.784313e+02 7.784313e+02 7.784313e+02 7.784313e+02 7.784313e+02 7.784313e+02 7.784313e+02 7.784313e+02 7.784313e+02 7.784313e+02 7.784313e+02 7.784313e+02 7.784313e+02 7.784313e+02 7.784313e+02 7.784313e+02 7.784313e+02 7.784313e+02 7.784313e+02 7.784313e+02
1.000000e+03 9.907680e+02 9.815359e+02 9.723039e+02 9.630719e+02 9.538398e+02 9.446078e+02 9.353758e+02 9.261438e+02 9.169117e+02 9.076797e+02 8.984477e+02 8.892156e+02 8.799836e+02 8.707516e+02 8.615195e+02 8.522875e+02 8.430555e+02 8.338235e+02 8.245914e+02 8.153594e+02 8.061274e+02 7.968953e+02 7.876633e+02 7.876633e+02 7.876633e+02 7.876633e+02 7.876633e+02 7.876633e+02 7.876633e+02 7.876633e+02 7.876633e+02 7.876633e+02 7.876633e+02 7.876633e+02 7.876633e+02 7.876633e+02 7.876633e+02 7.876633e+02 7.876633e+02 7.876633e+02 7.876633e+02 7.876633e+02 7.876633e+02 7.876633e+02 7.876633e+02 7.876633e+02 7.876633e+02 7.876633e+02 7.876633e+02 7.876633e+02 7.876633e+02
1.000000e+03 9.907680e+02 9.815359e+02 9.723039e+02 9.630719e+02 9.538398e+02 9.446078e+02 9.353758e+02 9.261438e+02 9.169117e+02 9.076797e+02 8.984477e+02 8.892156e+02 8.799836e+02 8.707516e+02 8.615195e+02 8.522875e+02 8.430555e+02 8.338235e+02 8.245914e+02 8.153594e+02 8.061274e+02 7.968953e+02 7.968953e+02 7.968953e+02 7.968953e+02 7.968953e+02 7.968953e+02 7.968953e+02 7.968953e+02 7.968953e+02 7.968953e+02 7.968953e+02 7.968953e+02 7.968953e+02 7.968953e+02 7.968953e+02 7.968953e+02 7.968953e+02 7.968953e+02 7.968953e+02 7.968953e+02 7.968953e+02 7.968953e+02 7.968953e+02 7.968953e+02 7.968953e+02 7.968953e+02 7.968953e+02 7.968953e+02 7.968953e+02 7.968953e+02
1.000000e+03 9.907680e+02 9.815359e+02 9.723039e+02 9.630719e+02 9.538398e+02 9.446078e+02 9.353758e+02 9.261438e+02 9.169117e+02 9.076797e+02 8.984477e+02 8.892156e+02 8.799836e+02 8.707516e+02 8.615195e+02 8.522875e+02 8.430555e+02 8.338235e+02 8.245914e+02 8.153594e+02 8.061274e+02 8.061274e+02 8.061274e+02 8.061274e+02 8.061274e+02 8.061274e+02 8.061274e+02 8.061274e+02 8.061274e+02 8.061274e+02 8.061274e+02 8.061274e+02 8.061274e+02 8.061274e+02 8.061274e+02 8.061274e+02 8.061274e+02 8.061274e+02 8.061274e+02 8.061274e+02 8.061274e+02 8.061274e+02 8.061274e+02 8.061274e+02 8.061274e+02 8.061274e+02 8.061274e+02 8.061274e+02 8.061274e+02 8.061274e+02 8.061274e+02
1.000000e+03 9.907680e+02 9.815359e+02 9.723039e+02 9.630719e+02 9.538398e+02 9.446078e+02 9.353758e+02 9.261438e+02 9.169117e+02 9.076797e+02 8.984477e+02 8.892156e+02 8.799836e+02 8.707516e+02 8.615195e+02 8.522875e+02 8.430555e+02 8.338235e+02 8.245914e+02 8.153594e+02 8.153594e+02 8.153594e+02 8.153594e+02 8.153594e+02 8.153594e+02 8.153594e+02 8.153594e+02 8.153594e+02 8.153594e+02 8.153594e+02 8.153594e+02 8.153594e+02 8.153594e+02 8.153594e+02 8.153594e+02 8.153594e+02 8.153594e+02 8.153594e+02 8.153594e+02 8.153594e+02 8.153594e+02 8.153594e+02 8.153594e+02 8.153594e+02 8.153594e+02 8.153594e+02 8.153594e+02 8.153594e+02 8.153594e+02 8.153594e+02 8.153594e+02
1.000000e+03 9.907680e+02 9.815359e+02 9.723039e+02 9.630719e+02 9.538398e+02 9.446078e+02 9.353758e+02 9.261438e+02 9.169117e+02 9.076797e+02 8.984477e+02 8.892156e+02 8.799836e+02 8.707516e+02 8.615195e+02 8.522875e+02 8.430555e+02 8.338235e+02 8.245914e+02 8.245914e+02 8.245914e+02 8.245914e+02 8.245914e+02 8.245914e+02 8.245914e+02 8.245914e+02 8.245914e+02 8.245914e+02 8.245914e+02 8.245914e+02 8.245914e+02 8.245914e+02 8.245914e+02 8.245914e+02 8.245914e+02 8.245914e+02 8.245914e+02 8.245914e+02 8.245914e+02 8.245914e+02 8.245914e+02 8.245914e+02 8.245914e+02 8.245914e+02 8.245914e+02 8.245914e+02 8.245914e+02 8.245914e+02 8.245914e+02 8.245914e+02 8.245914e+02
1.000000e+03 9.907680e+02 9.815359e+02 9.723039e+02 9.630719e+02 9.538398e+02 9.446078e+02 9.353758e+02 9.261438e+02 9.169117e+02 9.076797e+02 8.984477e+02 8.892156e+02 8.799836e+02 8.707516e+02 8.615195e+02 8.522875e+02 8.430555e+02 8.338235e+02 8.338235e+02 8.338235e+02 8.338235e+02 8.338235e+02 8.338235e+02 8.338235e+02 8.338235e+02 8.338235e+02 8.338235e+02 8.338235e+02 8.338235e+02 8.338235e+02 8.338235e+02 8.338235e+02 8.338235e+02 8.338235e+02 8.338235e+02 8.338235e+02 8.338235e+02 8.338235e+02 8.338235e+02 8.338235e+02 8.338235e+02 8.338235e+02 8.338235e+02 8.338235e+02 8.338235e+02 8.338235e+02 8.338235e+02 8.338235e+02 8.338235e+02 8.338235e+02 8.338235e+02
1.000000e+03 9.907680e+02 9.815359e+02 9.723039e+02 9.630719e+02 9.538398e+02 9.446078e+02 9.353758e+02 9.261438e+02 9.169117e+02 9.076797e+02 8.984477e+02 8.892156e+02 8.799836e+02 8.707516e+02 8.615195e+02 8.522875e+02 8.430555e+02 8.430555e+02 8.430555e+02 8.430555e+02 8.430555e+02 8.430555e+02 8.430555e+02 8.430555e+02 8.430555e+02 8.430555e+02 8.430555e+02 8.430555e+02 8.430555e+02 8.430555e+02 8.430555e+02 8.430555e+02 8.430555e+02 8.430555e+02 8.430555e+02 8.430555e+02 8.430555e+02 8.430555e+02 8.430555e+02 8.430555e+02 8.430555e+02 8.430555e+02 8.430555e+02 8.430555e+02 8.430555e+02 8.430555e+02 8.430555e+02 8.430555e+02 8.430555e+02 8.430555e+02 8.430555e+02
1.000000e+03 9.907680e+02 9.815359e+02 9.723039e+02 9.630719e+02 9.538398e+02 9.446078e+02 9.353758e+02 9.261438e+02 9.169117e+02 9.076797e+02 8.984477e+02 8.892156e+02 8.799836e+02 8.707516e+02 8.615195e+02 8.522875e+02 8.522875e+02 8.522875e+02 8.522875e+02 8.522875e+02 8.522875e+02 8.522875e+02 8.522875e+02 8.522875e+02 8.522875e+02 8.522875e+02 8.522875e+02 8.522875e+02 8.522875e+02 8.522875e+02 8.522875e+02 8.522875e+02 8.522875e+02 8.522875e+02 8.522875e+02 8.522875e+02 8.522875e+02 8.522875e+02 8.522875e+02 8.522875e+02 8.522875e+02 8.522875e+02 8.522875e+02 8.522875e+02 8.522875e+02 8.522875e+02 8.522875e+02 8.522875e+02 8.522875e+02 8.522875e+02 8.522875e+02
1.000000e+03 9.907680e+02 9.815359e+02 9.723039e+02 9.630719e+02 9.538398e+02 9.446078e+02 9.353758e+02 9.261438e+02 9.169117e+02 9.076797e+02 8.984477e+02 8.892156e+02 8.799836e+02 8.707516e+02 8.615195e+02 8.615195e+02 8.615195e+02 8.615195e+02 8.615195e+02 8.615195e+02 8.615195e+02 8.615195e+02 8.615195e+02 8.615195e+02 8.615195e+02 8.615195e+02 8.615195e+02 8.615195e+02 8.615195e+02 8.615195e+02 8.615195e+02 8.615195e+02 8.615195e+02 8.615195e+02 8.615195e+02 8.615195e+02 8.615195e+02 8.615195e+02 8.615195e+02 8.615195e+02 8.615195e+02 8.615195e+02 8.615195e+02 8.615195e+02 8.615195e+02 8.615195e+02 8.615195e+02 8.615195e+02 8.615195e+02 8.615195e+02 8.615195e+02
1.000000e+03 9.907680e+02 9.815359e+02 9.723039e+02 9.630719e+02 9.538398e+02 9.446078e+02 9.353758e+02 9.261438e+02 9.169117e+02 9.076797e+02 8.984477e+02 8.892156e+02 8.799836e+02 8.707516e+02 8.707516e+02 8.707516e+02 8.707516e+02 8.707516e+02 8.707516e+02 8.707516e+02 8.707516e+02 8.707516e+02 8.707516e+02 8.707516e+02 8.707516e+02 8.707516e+02 8.707516e+02 8.707516e+02 8.707516e+02 8.707516e+02 8.707516e+02 8.707516e+02 8.707516e+02 8.707516e+02 8.707516e+02 8.707516e+02 8.707516e+02 8.707516e+02 8.707516e+02 8.707516e+02 8.707516e+02 8.707516e+02 8.707516e+02 8.707516e+02 8.707516e+02 8.707516e+02 8.707516e+02 8.707516e+02 8.707516e+02 8.707516e+02 8.707516e+02
1.000000e+03 9.907680e+02 9.815359e+02 9.723039e+02 9.630719e+02 9.538398e+02 9.446078e+02 9.353758e+02 9.261438e+02 9.169117e+02 9.076797e+02 8.984477e+02 8.892156e+02 8.799836e+02 8.799836e+02 8.799836e+02 8.799836e+02 8.799836e+02 8.799836e+02 8.799836e+02 8.799836e+02 8.799836e+02 8.799836e+02 8.799836e+02 8.799836e+02 8.799836e+02 8.799836e+02 8.799836e+02 8.799836e+02 8.799836e+02 8.799836e+02 8.799836e+02 8.799836e+02 8.799836e+02 8.799836e+02 8.799836e+02 8.799836e+02 8.799836e+02 8.799836e+02 8.799836e+02 8.799836e+02 8.799836e+02 8.799836e+02 8.799836e+02 8.799836e+02 8.799836e+02 8.799836e+02 8.799836e+02 8.799836e+02 8.799836e+02 8.799836e+02 8.799836e+02
1.000000e+03 9.907680e+02 9.815359e+02 9.723039e+02 9.630719e+02 9.538398e+02 9.446078e+02 9.353758e+02 9.261438e+02 9.169117e+02 9.076797e+02 8.984477e+02 8.892156e+02 8.892156e+02 8.892156e+02 8.892156e+02 8.892156e+02 8.892156e+02 8.892156e+02 8.892156e+02 8.892156e+02 8.892156e+02 8.892156e+02 8.892156e+02 8.892156e+02 8.892156e+02 8.892156e+02 8.892156e+02 8.892156e+02 8.892156e+02 8.892156e+02 8.892156e+02 8.892156e+02 8.892156e+02 8.892156e+02 8.892156e+02 8.892156e+02 8.892156e+02 8.892156e+02 8.892156e+02 8.892156e+02 8.892156e+02 8.892156e+02 8.892156e+02 8.892156e+02 8.892156e+02 8.892156e+02 8.892156e+02 8.892156e+02 8.892156e+02 8.892156e+02 8.892156e+02
1.000000e+03 9.907680e+02 9.815359e+02 9.723039e+02 9.630719e+02 9.538398e+02 9.446078e+02 9.353758e+02 9.261438e+02 9.169117e+02 9.076797e+02 8.984477e+02 8.984477e+02 8.984477e+02 8.984477e+02 8.984477e+02 8.984477e+02 8.984477e+02 8.984477e+02 8.984477e+02 8.984477e+02 8.984477e+02 8.984477e+02 8.984477e+02 8.984477e+02 8.984477e+02 8.984477e+02 8.984477e+02 8.984477e+02 8.984477e+02 8.984477e+02 8.984477e+02 8.984477e+02 8.984477e+02 8.984477e+02 8.984477e+02 8.984477e+02 8.984477e+02 8.984477e+02 8.984477e+02 8.984477e+02 8.984477e+02 8.984477e+02 8.984477e+02 8.984477e+02 8.984477e+02 8.984477e+02 8.984477e+02 8.984477e+02 8.984477e+02 8.984477e+02 8.984477e+02
1.000000e+03 9.907680e+02 9.815359e+02 9.723039e+02 9.630719e+02 9.538398e+02 9.446078e+02 9.353758e+02 9.261438e+02 9.169117e+02 9.076797e+02 9.076797e+02 9.076797e+02 9.076797e+02 9.076797e+02 9.076797e+02 9.076797e+02 9.076797e+02 9.076797e+02 9.076797e+02 9.076797e+02 9.076797e+02 9.076797e+02 9.076797e+02 9.076797e+02 9.076797e+02 9.076797e+02 9.076797e+02 9.076797e+02 9.076797e+02 9.076797e+02 9.076797e+02 9.076797e+02 9.076797e+02 9.076797e+02 9.076797e+02 9.076797e+02 9.076797e+02 9.076797e+02 9.076797e+02 9.076797e+02 9.076797e+02 9.076797e+02 9.076797e+02 9.076797e+02 9.076797e+02 9.076797e+02 9.076797e+02 9.076797e+02 9.076797e+02 9.076797e+02 9.076797e+02
1.000000e+03 9.907680e+02 9.815359e+02 9.723039e+02 9.630719e+02 9.538398e+02 9.446078e+02 9.353758e+02 9.261438e+02 9.169117e+02 9.169117e+02 9.169117e+02 9.169117e+02 9.169117e+02 9.169117e+02 9.169117e+02 9.169117e+02 9.169117e+02 9.169117e+02 9.169117e+02 9.169117e+02 9.169117e+02 9.169117e+02 9.169117e+02 9.169117e+02 9.169117e+02 9.169117e+02 9.169117e+02 9.169117e+02 9.169117e+02 9.169117e+02 9.169117e+02 9.169117e+02 9.169117e+02 9.169117e+02 9.169117e+02 9.169117e+02 9.169117e+02 9.169117e+02 9.169117e+02 9.169117e+02 9.169117e+02 9.169117e+02 9.169117e+02 9.169117e+02 9.169117e+02 9.169117e+02 9.169117e+02 9.169117e+02 9.169117e+02 9.169117e+02 9.169117e+02
1.000000e+03 9.907680e+02 9.815359e+02 9.723039e+02 9.630719e+02 9.538398e+02 9.446078e+02 9.353758e+02 9.261438e+02 9.261438e+02 9.261438e+02 9.261438e+02 9.261438e+02 9.261438e+02 9.261438e+02 9.261438e+02 9.261438e+02 9.261438e+02 9.261438e+02 9.261438e+02 9.261438e+02 9.261438e+02 9.261438e+02 9.261438e+02 9.261438e+02 9.261438e+02 9.261438e+02 9.261438e+02 9.261438e+02 9.261438e+02 9.261438e+02 9.261438e+02 9.261438e+02 9.261438e+02 9.261438e+02 9.261438e+02 9.261438e+02 9.261438e+02 9.261438e+02 9.261438e+02 9.261438e+02 9.261438e+02 9.261438e+02 9.261438e+02 9.261438e+02 9.261438e+02 9.261438e+02 9.261438e+02 9.261438e+02 9.261438e+02 9.261438e+02 9.261438e+02
