topographies/valley4.96_[100,100,10][7.07,0.00,-7.07,270.00].asc
ncols 100
nrows 100
xllcorner 0.0
yllcorner 0.0
cellsize 10
nodata_value 0
[rows 46 to 68 of 100, columns 0 to 51 of 100]
1.000000e+03 9.987470e+02 9.974941e+02 9.962411e+02 9.949881e+02 9.937352e+02 9.924822e+02 9.912292e+02 9.899763e+02 9.887233e+02 9.874703e+02 9.862174e+02 9.849644e+02 9.837114e+02 9.824584e+02 9.812055e+02 9.799525e+02 9.786995e+02 9.774466e+02 9.761936e+02 9.749406e+02 9.736877e+02 9.724347e+02 9.711817e+02 9.699288e+02 9.686758e+02 9.674228e+02 9.661699e+02 9.649169e+02 9.636639e+02 9.624110e+02 9.611580e+02 9.599050e+02 9.586521e+02 9.573991e+02 9.561461e+02 9.548932e+02 9.536402e+02 9.523872e+02 9.511343e+02 9.498813e+02 9.486283e+02 9.473753e+02 9.461224e+02 9.448694e+02 9.436164e+02 9.423635e+02 9.411105e+02 9.398575e+02 9.386046e+02 9.373516e+02 9.360986e+02
1.000000e+03 9.987470e+02 9.974941e+02 9.962411e+02 9.949881e+02 9.937352e+02 9.924822e+02 9.912292e+02 9.899763e+02 9.887233e+02 9.874703e+02 9.862174e+02 9.849644e+02 9.837114e+02 9.824584e+02 9.812055e+02 9.799525e+02 9.786995e+02 9.774466e+02 9.761936e+02 9.749406e+02 9.736877e+02 9.724347e+02 9.711817e+02 9.699288e+02 9.686758e+02 9.674228e+02 9.661699e+02 9.649169e+02 9.636639e+02 9.624110e+02 9.611580e+02 9.599050e+02 9.586521e+02 9.573991e+02 9.561461e+02 9.548932e+02 9.536402e+02 9.523872e+02 9.511343e+02 9.498813e+02 9.486283e+02 9.473753e+02 9.461224e+02 9.448694e+02 9.436164e+02 9.423635e+02 9.411105e+02 9.398575e+02 9.386046e+02 9.373516e+02 9.360986e+02
1.000000e+03 9.987470e+02 9.974941e+02 9.962411e+02 9.949881e+02 9.937352e+02 9.924822e+02 9.912292e+02 9.899763e+02 9.887233e+02 9.874703e+02 9.862174e+02 9.849644e+02 9.837114e+02 9.824584e+02 9.812055e+02 9.799525e+02 9.786995e+02 9.774466e+02 9.761936e+02 9.749406e+02 9.736877e+02 9.724347e+02 9.711817e+02 9.699288e+02 9.686758e+02 9.674228e+02 9.661699e+02 9.649169e+02 9.636639e+02 9.624110e+02 9.611580e+02 9.599050e+02 9.586521e+02 9.573991e+02 9.561461e+02 9.548932e+02 9.536402e+02 9.523872e+02 9.511343e+02 9.498813e+02 9.486283e+02 9.473753e+02 9.461224e+02 9.448694e+02 9.436164e+02 9.423635e+02 9.411105e+02 9.398575e+02 9.386046e+02 9.373516e+02 9.360986e+02
1.000000e+03 9.987470e+02 9.974941e+02 9.962411e+02 9.949881e+02 9.937352e+02 9.924822e+02 9.912292e+02 9.899763e+02 9.887233e+02 9.874703e+02 9.862174e+02 9.849644e+02 9.837114e+02 9.824584e+02 9.812055e+02 9.799525e+02 9.786995e+02 9.774466e+02 9.761936e+02 9.749406e+02 9.736877e+02 9.724347e+02 9.711817e+02 9.699288e+02 9.686758e+02 9.674228e+02 9.661699e+02 9.649169e+02 9.636639e+02 9.624110e+02 9.611580e+02 9.599050e+02 9.586521e+02 9.573991e+02 9.561461e+02 9.548932e+02 9.536402e+02 9.523872e+02 9.511343e+02 9.498813e+02 9.486283e+02 9.473753e+02 9.461224e+02 9.448694e+02 9.436164e+02 9.423635e+02 9.411105e+02 9.398575e+02 9.386046e+02 9.373516e+02 9.373516e+02
1.000000e+03 9.987470e+02 9.974941e+02 9.962411e+02 9.949881e+02 9.937352e+02 9.924822e+02 9.912292e+02 9.899763e+02 9.887233e+02 9.874703e+02 9.862174e+02 9.849644e+02 9.837114e+02 9.824584e+02 9.812055e+02 9.799525e+02 9.786995e+02 9.774466e+02 9.761936e+02 9.749406e+02 9.736877e+02 9.724347e+02 9.711817e+02 9.699288e+02 9.686758e+02 9.674228e+02 9.661699e+02 9.649169e+02 9.636639e+02 9.624110e+02 9.611580e+02 9.599050e+02 9.586521e+02 9.573991e+02 9.561461e+02 9.548932e+02 9.536402e+02 9.523872e+02 9.511343e+02 9.498813e+02 9.486283e+02 9.473753e+02 9.461224e+02 9.448694e+02 9.436164e+02 9.423635e+02 9.411105e+02 9.398575e+02 9.386046e+02 9.386046e+02 9.386046e+02
1.000000e+03 9.987470e+02 9.974941e+02 9.962411e+02 9.949881e+02 9.937352e+02 9.924822e+02 9.912292e+02 9.899763e+02 9.887233e+02 9.874703e+02 9.862174e+02 9.849644e+02 9.837114e+02 9.824584e+02 9.812055e+02 9.799525e+02 9.786995e+02 9.774466e+02 9.761936e+02 9.749406e+02 9.736877e+02 9.724347e+02 9.711817e+02 9.699288e+02 9.686758e+02 9.674228e+02 9.661699e+02 9.649169e+02 9.636639e+02 9.624110e+02 9.611580e+02 9.599050e+02 9.586521e+02 9.573991e+02 9.561461e+02 9.548932e+02 9.536402e+02 9.523872e+02 9.511343e+02 9.498813e+02 9.486283e+02 9.473753e+02 9.461224e+02 9.448694e+02 9.436164e+02 9.423635e+02 9.411105e+02 9.398575e+02 9.398575e+02 9.398575e+02 9.398575e+02
1.000000e+03 9.987470e+02 9.974941e+02 9.962411e+02 9.949881e+02 9.937352e+02 9.924822e+02 9.912292e+02 9.899763e+02 9.887233e+02 9.874703e+02 9.862174e+02 9.849644e+02 9.837114e+02 9.824584e+02 9.812055e+02 9.799525e+02 9.786995e+02 9.774466e+02 9.761936e+02 9.749406e+02 9.736877e+02 9.724347e+02 9.711817e+02 9.699288e+02 9.686758e+02 9.674228e+02 9.661699e+02 9.649169e+02 9.636639e+02 9.624110e+02 9.611580e+02 9.599050e+02 9.586521e+02 9.573991e+02 9.561461e+02 9.548932e+02 9.536402e+02 9.523872e+02 9.511343e+02 9.498813e+02 9.486283e+02 9.473753e+02 9.461224e+02 9.448694e+02 9.436164e+02 9.423635e+02 9.411105e+02 9.411105e+02 9.411105e+02 9.411105e+02 9.411105e+02
1.000000e+03 9.987470e+02 9.974941e+02 9.962411e+02 9.949881e+02 9.937352e+02 9.924822e+02 9.912292e+02 9.899763e+02 9.887233e+02 9.874703e+02 9.862174e+02 9.849644e+02 9.837114e+02 9.824584e+02 9.812055e+02 9.799525e+02 9.786995e+02 9.774466e+02 9.761936e+02 9.749406e+02 9.736877e+02 9.724347e+02 9.711817e+02 9.699288e+02 9.686758e+02 9.674228e+02 9.661699e+02 9.649169e+02 9.636639e+02 9.624110e+02 9.611580e+02 9.599050e+02 9.586521e+02 9.573991e+02 9.561461e+02 9.548932e+02 9.536402e+02 9.523872e+02 9.511343e+02 9.498813e+02 9.486283e+02 9.473753e+02 9.461224e+02 9.448694e+02 9.436164e+02 9.423635e+02 9.423635e+02 9.423635e+02 9.423635e+02 9.423635e+02 9.423635e+02
1.000000e+03 9.987470e+02 9.974941e+02 9.962411e+02 9.949881e+02 9.937352e+02 9.924822e+02 9.912292e+02 9.899763e+02 9.887233e+02 9.874703e+02 9.862174e+02 9.849644e+02 9.837114e+02 9.824584e+02 9.812055e+02 9.799525e+02 9.786995e+02 9.774466e+02 9.761936e+02 9.749406e+02 9.736877e+02 9.724347e+02 9.711817e+02 9.699288e+02 9.686758e+02 9.674228e+02 9.661699e+02 9.649169e+02 9.636639e+02 9.624110e+02 9.611580e+02 9.599050e+02 9.586521e+02 9.573991e+02 9.561461e+02 9.548932e+02 9.536402e+02 9.523872e+02 9.511343e+02 9.498813e+02 9.486283e+02 9.473753e+02 9.461224e+02 9.448694e+02 9.436164e+02 9.436164e+02 9.436164e+02 9.436164e+02 9.436164e+02 9.436164e+02 9.436164e+02
1.000000e+03 9.987470e+02 9.974941e+02 9.962411e+02 9.949881e+02 9.937352e+02 9.924822e+02 9.912292e+02 9.899763e+02 9.887233e+02 9.874703e+02 9.862174e+02 9.849644e+02 9.837114e+02 9.824584e+02 9.812055e+02 9.799525e+02 9.786995e+02 9.774466e+02 9.761936e+02 9.749406e+02 9.736877e+02 9.724347e+02 9.711817e+02 9.699288e+02 9.686758e+02 9.674228e+02 9.661699e+02 9.649169e+02 9.636639e+02 9.624110e+02 9.611580e+02 9.599050e+02 9.586521e+02 9.573991e+02 9.561461e+02 9.548932e+02 9.536402e+02 9.523872e+02 9.511343e+02 9.498813e+02 9.486283e+02 9.473753e+02 9.461224e+02 9.448694e+02 9.448694e+02 9.448694e+02 9.448694e+02 9.448694e+02 9.448694e+02 9.448694e+02 9.448694e+02
1.000000e+03 9.987470e+02 9.974941e+02 9.962411e+02 9.949881e+02 9.937352e+02 9.924822e+02 9.912292e+02 9.899763e+02 9.887233e+02 9.874703e+02 9.862174e+02 9.849644e+02 9.837114e+02 9.824584e+02 9.812055e+02 9.799525e+02 9.786995e+02 9.774466e+02 9.761936e+02 9.749406e+02 9.736877e+02 9.724347e+02 9.711817e+02 9.699288e+02 9.686758e+02 9.674228e+02 9.661699e+02 9.649169e+02 9.636639e+02 9.624110e+02 9.611580e+02 9.599050e+02 9.586521e+02 9.573991e+02 9.561461e+02 9.548932e+02 9.536402e+02 9.523872e+02 9.511343e+02 9.498813e+02 9.486283e+02 9.473753e+02 9.461224e+02 9.461224e+02 9.461224e+02 9.461224e+02 9.461224e+02 9.461224e+02 9.461224e+02 9.461224e+02 9.461224e+02
1.000000e+03 9.987470e+02 9.974941e+02 9.962411e+02 9.949881e+02 9.937352e+02 9.924822e+02 9.912292e+02 9.899763e+02 9.887233e+02 9.874703e+02 9.862174e+02 9.849644e+02 9.837114e+02 9.824584e+02 9.812055e+02 9.799525e+02 9.786995e+02 9.774466e+02 9.761936e+02 9.749406e+02 9.736877e+02 9.724347e+02 9.711817e+02 9.699288e+02 9.686758e+02 9.674228e+02 9.661699e+02 9.649169e+02 9.636639e+02 9.624110e+02 9.611580e+02 9.599050e+02 9.586521e+02 9.573991e+02 9.561461e+02 9.548932e+02 9.536402e+02 9.523872e+02 9.511343e+02 9.498813e+02 9.486283e+02 9.473753e+02 9.473753e+02 9.473753e+02 9.473753e+02 9.473753e+02 9.473753e+02 9.473753e+02 9.473753e+02 9.473753e+02 9.473753e+02
1.000000e+03 9.987470e+02 9.974941e+02 9.962411e+02 9.949881e+02 9.937352e+02 9.924822e+02 9.912292e+02 9.899763e+02 9.887233e+02 9.874703e+02 9.862174e+02 9.849644e+02 9.837114e+02 9.824584e+02 9.812055e+02 9.799525e+02 9.786995e+02 9.774466e+02 9.761936e+02 9.749406e+02 9.736877e+02 9.724347e+02 9.711817e+02 9.699288e+02 9.686758e+02 9.674228e+02 9.661699e+02 9.649169e+02 9.636639e+02 9.624110e+02 9.611580e+02 9.599050e+02 9.586521e+02 9.573991e+02 9.561461e+02 9.548932e+02 9.536402e+02 9.523872e+02 9.511343e+02 9.498813e+02 9.486283e+02 9.486283e+02 9.486283e+02 9.486283e+02 9.486283e+02 9.486283e+02 9.486283e+02 9.486283e+02 9.486283e+02 9.486283e+02 9.486283e+02
1.000000e+03 9.987470e+02 9.974941e+02 9.962411e+02 9.949881e+02 9.937352e+02 9.924822e+02 9.912292e+02 9.899763e+02 9.887233e+02 9.874703e+02 9.862174e+02 9.849644e+02 9.837114e+02 9.824584e+02 9.812055e+02 9.799525e+02 9.786995e+02 9.774466e+02 9.761936e+02 9.749406e+02 9.736877e+02 9.724347e+02 9.711817e+02 9.699288e+02 9.686758e+02 9.674228e+02 9.661699e+02 9.649169e+02 9.636639e+02 9.624110e+02 9.611580e+02 9.599050e+02 9.586521e+02 9.573991e+02 9.561461e+02 9.548932e+02 9.536402e+02 9.523872e+02 9.511343e+02 9.498813e+02 9.498813e+02 9.498813e+02 9.498813e+02 9.498813e+02 9.498813e+02 9.498813e+02 9.498813e+02 9.498813e+02 9.498813e+02 9.498813e+02 9.498813e+02
1.000000e+03 9.987470e+02 9.974941e+02 9.962411e+02 9.949881e+02 9.937352e+02 9.924822e+02 9.912292e+02 9.899763e+02 9.887233e+02 9.874703e+02 9.862174e+02 9.849644e+02 9.837114e+02 9.824584e+02 9.812055e+02 9.799525e+02 9.786995e+02 9.774466e+02 9.761936e+02 9.749406e+02 9.736877e+02 9.724347e+02 9.711817e+02 9.699288e+02 9.686758e+02 9.674228e+02 9.661699e+02 9.649169e+02 9.636639e+02 9.624110e+02 9.611580e+02 9.599050e+02 9.586521e+02 9.573991e+02 9.561461e+02 9.548932e+02 9.536402e+02 9.523872e+02 9.511343e+02 9.511343e+02 9.511343e+02 9.511343e+02 9.511343e+02 9.511343e+02 9.511343e+02 9.511343e+02 9.511343e+02 9.511343e+02 9.511343e+02 9.511343e+02 9.511343e+02
1.000000e+03 9.987470e+02 9.974941e+02 9.962411e+02 9.949881e+02 9.937352e+02 9.924822e+02 9.912292e+02 9.899763e+02 9.887233e+02 9.874703e+02 9.862174e+02 9.849644e+02 9.837114e+02 9.824584e+02 9.812055e+02 9.799525e+02 9.786995e+02 9.774466e+02 9.761936e+02 9.749406e+02 9.736877e+02 9.724347e+02 9.711817e+02 9.699288e+02 9.686758e+02 9.674228e+02 9.661699e+02 9.649169e+02 9.636639e+02 9.624110e+02 9.611580e+02 9.599050e+02 9.586521e+02 9.573991e+02 9.561461e+02 9.548932e+02 9.536402e+02 9.523872e+02 9.523872e+02 9.523872e+02 9.523872e+02 9.523872e+02 9.523872e+02 9.523872e+02 9.523872e+02 9.523872e+02 9.523872e+02 9.523872e+02 9.523872e+02 9.523872e+02 9.523872e+02
1.000000e+03 9.987470e+02 9.974941e+02 9.962411e+02 9.949881e+02 9.937352e+02 9.924822e+02 9.912292e+02 9.899763e+02 9.887233e+02 9.874703e+02 9.862174e+02 9.849644e+02 9.837114e+02 9.824584e+02 9.812055e+02 9.799525e+02 9.786995e+02 9.774466e+02 9.761936e+02 9.749406e+02 9.736877e+02 9.724347e+02 9.711817e+02 9.699288e+02 9.686758e+02 9.674228e+02 9.661699e+02 9.649169e+02 9.636639e+02 9.624110e+02 9.611580e+02 9.599050e+02 9.586521e+02 9.573991e+02 9.561461e+02 9.548932e+02 9.536402e+02 9.536402e+02 9.536402e+02 9.536402e+02 9.536402e+02 9.536402e+02 9.536402e+02 9.536402e+02 9.536402e+02 9.536402e+02 9.536402e+02 9.536402e+02 9.536402e+02 9.536402e+02 9.536402e+02
1.000000e+03 9.987470e+02 9.974941e+02 9.962411e+02 9.949881e+02 9.937352e+02 9.924822e+02 9.912292e+02 9.899763e+02 9.887233e+02 9.874703e+02 9.862174e+02 9.849644e+02 9.837114e+02 9.824584e+02 9.812055e+02 9.799525e+02 9.786995e+02 9.774466e+02 9.761936e+02 9.749406e+02 9.736877e+02 9.724347e+02 9.711817e+02 9.699288e+02 9.686758e+02 9.674228e+02 9.661699e+02 9.649169e+02 9.636639e+02 9.624110e+02 9.611580e+02 9.599050e+02 9.586521e+02 9.573991e+02 9.561461e+02 9.548932e+02 9.548932e+02 9.548932e+02 9.548932e+02 9.548932e+02 9.548932e+02 9.548932e+02 9.548932e+02 9.548932e+02 9.548932e+02 9.548932e+02 9.548932e+02 9.548932e+02 9.548932e+02 9.548932e+02 9.548932e+02
1.000000e+03 9.987470e+02 9.974941e+02 9.962411e+02 9.949881e+02 9.937352e+02 9.924822e+02 9.912292e+02 9.899763e+02 9.887233e+02 9.874703e+02 9.862174e+02 9.849644e+02 9.837114e+02 9.824584e+02 9.812055e+02 9.799525e+02 9.786995e+02 9.774466e+02 9.761936e+02 9.749406e+02 9.736877e+02 9.724347e+02 9.711817e+02 9.699288e+02 9.686758e+02 9.674228e+02 9.661699e+02 9.649169e+02 9.636639e+02 9.624110e+02 9.611580e+02 9.599050e+02 9.586521e+02 9.573991e+02 9.561461e+02 9.561461e+02 9.561461e+02 9.561461e+02 9.561461e+02 9.561461e+02 9.561461e+02 9.561461e+02 9.561461e+02 9.561461e+02 9.561461e+02 9.561461e+02 9.561461e+02 9.561461e+02 9.561461e+02 9.561461e+02 9.561461e+02
1.000000e+03 9.987470e+02 9.974941e+02 9.962411e+02 9.949881e+02 9.937352e+02 9.924822e+02 9.912292e+02 9.899763e+02 9.887233e+02 9.874703e+02 9.862174e+02 9.849644e+02 9.837114e+02 9.824584e+02 9.812055e+02 9.799525e+02 9.786995e+02 9.774466e+02 9.761936e+02 9.749406e+02 9.736877e+02 9.724347e+02 9.711817e+02 9.699288e+02 9.686758e+02 9.674228e+02 9.661699e+02 9.649169e+02 9.636639e+02 9.624110e+02 9.611580e+02 9.599050e+02 9.586521e+02 9.573991e+02 9.573991e+02 9.573991e+02 9.573991e+02 9.573991e+02 9.573991e+02 9.573991e+02 9.573991e+02 9.573991e+02 9.573991e+02 9.573991e+02 9.573991e+02 9.573991e+02 9.573991e+02 9.573991e+02 9.573991e+02 9.573991e+02 9.573991e+02
1.000000e+03 9.987470e+02 9.974941e+02 9.962411e+02 9.949881e+02 9.937352e+02 9.924822e+02 9.912292e+02 9.899763e+02 9.887233e+02 9.874703e+02 9.862174e+02 9.849644e+02 9.837114e+02 9.824584e+02 9.812055e+02 9.799525e+02 9.786995e+02 9.774466e+02 9.761936e+02 9.749406e+02 9.736877e+02 9.724347e+02 9.711817e+02 9.699288e+02 9.686758e+02 9.674228e+02 9.661699e+02 9.649169e+02 9.636639e+02 9.624110e+02 9.611580e+02 9.599050e+02 9.586521e+02 9.586521e+02 9.586521e+02 9.586521e+02 9.586521e+02 9.586521e+02 9.586521e+02 9.586521e+02 9.586521e+02 9.586521e+02 9.586521e+02 9.586521e+02 9.586521e+02 9.586521e+02 9.586521e+02 9.586521e+02 9.586521e+02 9.586521e+02 9.586521e+02
1.000000e+03 9.987470e+02 9.974941e+02 9.962411e+02 9.949881e+02 9.937352e+02 9.924822e+02 9.912292e+02 9.899763e+02 9.887233e+02 9.874703e+02 9.862174e+02 9.849644e+02 9.837114e+02 9.824584e+02 9.812055e+02 9.799525e+02 9.786995e+02 9.774466e+02 9.761936e+02 9.749406e+02 9.736877e+02 9.724347e+02 9.711817e+02 9.699288e+02 9.686758e+02 9.674228e+02 9.661699e+02 9.649169e+02 9.636639e+02 9.624110e+02 9.611580e+02 9.599050e+02 9.599050e+02 9.599050e+02 9.599050e+02 9.599050e+02 9.599050e+02 9.599050e+02 9.599050e+02 9.599050e+02 9.599050e+02 9.599050e+02 9.599050e+02 9.599050e+02 9.599050e+02 9.599050e+02 9.599050e+02 9.599050e+02 9.599050e+02 9.599050e+02 9.599050e+02
1.000000e+03 9.987470e+02 9.974941e+02 9.962411e+02 9.949881e+02 9.937352e+02 9.924822e+02 9.912292e+02 9.899763e+02 9.887233e+02 9.874703e+02 9.862174e+02 9.849644e+02 9.837114e+02 9.824584e+02 9.812055e+02 9.799525e+02 9.786995e+02 9.774466e+02 9.761936e+02 9.749406e+02 9.736877e+02 9.724347e+02 9.711817e+02 9.699288e+02 9.686758e+02 9.674228e+02 9.661699e+02 9.649169e+02 9.636639e+02 9.624110e+02 9.611580e+02 9.611580e+02 9.611580e+02 9.611580e+02 9.611580e+02 9.611580e+02 9.611580e+02 9.611580e+02 9.611580e+02 9.611580e+02 9.611580e+02 9.611580e+02 9.611580e+02 9.611580e+02 9.611580e+02 9.611580e+02 9.611580e+02 9.611580e+02 9.611580e+02 9.611580e+02 9.611580e+02
