calibrationData/Reworked/Shape folders/clipped/clipped2cropped.asc
ncols        62
nrows        53
xllcorner    28.208125000000
yllcorner    -25.791875000000
cellsize     0.000625000000
NODATA_value  -99999
[rows 23 to 45 of 53, columns 0 to 50 of 62]
-99999 -99999 -99999 -99999 -99999 -99999 1415.51171875 1419.410888671875 1417.328125 1413.806884765625 1411.9857177734375 1411.630615234375 1410.0054931640625 1407.4482421875 1403.809814453125 1400.4224853515625 1398.6427001953125 1396.0489501953125 1394.1424560546875 1395.16552734375 1392.0089111328125 1389.149169921875 1385.911376953125 1385.24755859375 1384.0003662109375 1385.6290283203125 1386.81787109375 1390.0164794921875 1392.568603515625 1392.0263671875 1390.0069580078125 1390.52392578125 1393.45263671875 1392.0299072265625 1391.9111328125 1392.0013427734375 1393.2305908203125 1394.1993408203125 1395.89404296875 1398.038818359375 1399.9931640625 1399.18896484375 1399.8033447265625 1398.006591796875 1398.34814453125 1400.4429931640625 1403.9635009765625 1407.852294921875 1410.96240234375 1414.0263671875 1417.23291015625
-99999 -99999 -99999 -99999 -99999 -99999 1428.512939453125 1421.5771484375 1420.4683837890625 1416.000732421875 1416.013427734375 1414.0035400390625 1412.8267822265625 1412.0540771484375 1405.8807373046875 1403.22412109375 1400.0115966796875 1400.41015625 1398.0157470703125 1396.8372802734375 1395.6861572265625 1393.9923095703125 1390.72216796875 1389.99365234375 1388.1458740234375 1389.0484619140625 1389.883544921875 1392.76123046875 1396.09814453125 1394.3555908203125 1394.5966796875 1395.5341796875 1395.6190185546875 1394.306640625 1395.3468017578125 1397.448974609375 1398.0037841796875 1397.4029541015625 1398.0084228515625 1398.6754150390625 1401.7742919921875 1401.827392578125 1400.1651611328125 1400.1270751953125 1400.28515625 1400.8662109375 1403.9844970703125 1407.187744140625 1410.003662109375 1413.25439453125 1415.828369140625
-99999 -99999 -99999 -99999 -99999 -99999 1439.0147705078125 1422.197021484375 1421.1710205078125 1420.00244140625 1419.473388671875 1418.5416259765625 1418.408447265625 1416.3841552734375 1410.71240234375 1406.2581787109375 1403.375732421875 1402.532958984375 1400.2440185546875 1401.3577880859375 1399.3402099609375 1398.979736328125 1398.0882568359375 1393.0482177734375 1393.1456298828125 1393.3160400390625 1393.9794921875 1395.851806640625 1399.5533447265625 1398.259033203125 1398.088623046875 1399.58837890625 1398.5858154296875 1397.990966796875 1399.1268310546875 1400.31787109375 1399.9803466796875 1400.533447265625 1400.015625 1401.5860595703125 1403.4010009765625 1402.9195556640625 1402.4385986328125 1401.1112060546875 1400.0374755859375 1401.2413330078125 1402.3519287109375 1405.5997314453125 1408.9227294921875 1411.1978759765625 1413.9503173828125
-99999 -99999 -99999 -99999 -99999 1457.860595703125 1452.4580078125 1437.9425048828125 1426.794677734375 1425.0968017578125 1422.3828125 1420.2872314453125 1420.0753173828125 1417.623779296875 1414.00537109375 1412.1871337890625 1407.9942626953125 1405.9716796875 1403.9896240234375 1408.179931640625 1406.9866943359375 1402.9903564453125 1401.4910888671875 1400.020263671875 1397.8763427734375 1397.8194580078125 1398 1399.4176025390625 1400.02685546875 1401.51708984375 1401.90234375 1400.281982421875 1401.1356201171875 1400.098388671875 1401.6209716796875 1403.6937255859375 1402.43603515625 1402.220947265625 1402.9234619140625 1403.93212890625 1405.762939453125 1405.256591796875 1404.906494140625 1402.7301025390625 1402.30615234375 1402.0677490234375 1403.9932861328125 1405.9752197265625 1407.7156982421875 1409.9976806640625 1411.4783935546875
-99999 -99999 -99999 -99999 -99999 1463.52001953125 1456.477294921875 1446.4298095703125 1428.1328125 1430.5806884765625 1431.98876953125 1426.60888671875 1423.802734375 1423.64404296875 1422.9871826171875 1415.3804931640625 1411.0687255859375 1409.060302734375 1411.5457763671875 1412.8309326171875 1409.211669921875 1406.9306640625 1406.5404052734375 1404.4447021484375 1402.00146484375 1402.469970703125 1402.302490234375 1403.3895263671875 1402.041748046875 1404.22802734375 1404.4368896484375 1403.006103515625 1404.7818603515625 1404.0078125 1403.4866943359375 1407.7232666015625 1408.12255859375 1408.7008056640625 1407.38330078125 1406.7457275390625 1407.98681640625 1407.4559326171875 1407.4259033203125 1405.1004638671875 1405.299560546875 1404.0819091796875 1405.792724609375 1406.0325927734375 1408.1226806640625 1409.971435546875 1411.21044921875
-99999 -99999 -99999 -99999 -99999 1463.0574951171875 1450.390869140625 1449.8787841796875 1441.038330078125 1433.616455078125 1432.409423828125 1437.697265625 1429.6663818359375 1427.250732421875 1428.2652587890625 1418.704345703125 1416.6019287109375 1414.583251953125 1418.3607177734375 1414.987060546875 1413.7454833984375 1413.14013671875 1413.79541015625 1411.2001953125 1408.022705078125 1413.4573974609375 1414.8624267578125 1414.9796142578125 1411.9754638671875 1408.5528564453125 1406.7054443359375 1409.8135986328125 1408.1724853515625 1407.009521484375 1408.852294921875 1412.5277099609375 1409.9205322265625 1410.1025390625 1411.8294677734375 1410.7677001953125 1409.999755859375 1410.4744873046875 1410.0533447265625 1408.000732421875 1407.54541015625 1407.32861328125 1407.96142578125 1409.044921875 1409.1151123046875 1410.02490234375 1412.05126953125
-99999 -99999 -99999 -99999 -99999 1471.116943359375 1459.2218017578125 1448.1563720703125 1443.8238525390625 1437.668212890625 1440.0462646484375 1442.8138427734375 1442.3565673828125 1435.1602783203125 1434.877197265625 1428.626708984375 1424.5384521484375 1427.570556640625 1426.74365234375 1420.1507568359375 1424.6026611328125 1422.1083984375 1419.9481201171875 1417.19189453125 1418.594482421875 1417.8153076171875 1419.1357421875 1419.1778564453125 1419.138427734375 1419.23095703125 1417.6826171875 1413.4398193359375 1411.986328125 1412.8170166015625 1417.0050048828125 1418.3118896484375 1415.8438720703125 1414.529296875 1415.6885986328125 1415.9935302734375 1413.1082763671875 1413.2403564453125 1411.9931640625 1410.08251953125 1412.2066650390625 1413.9473876953125 1413.094482421875 1410.503173828125 1411.9974365234375 1413.112060546875 1413.37353515625
-99999 -99999 -99999 -99999 1487.7196044921875 1481.9329833984375 1479.61962890625 1473.4107666015625 1454.51318359375 1443.731201171875 1444.7783203125 1445.424560546875 1450.3082275390625 1445.5467529296875 1440.41162109375 1443.015625 1442.556884765625 1435.2681884765625 1437.017333984375 1428.0245361328125 1430.354248046875 1427.048095703125 1431.1988525390625 1423.0157470703125 1423.887451171875 1423.348876953125 1419.71044921875 1419.757080078125 1419.7088623046875 1418.1116943359375 1420.4586181640625 1419.2645263671875 1415.9993896484375 1418.36279296875 1420.3695068359375 1420.6424560546875 1419.761962890625 1418.07958984375 1418.0045166015625 1418.9512939453125 1418.8770751953125 1414.2142333984375 1413.9638671875 1416.99951171875 1419.921142578125 1417.2349853515625 1414.337646484375 1415.991455078125 1414.0802001953125 1414.001953125 1414.2646484375
-99999 -99999 -99999 -99999 1505.92138671875 1493.0208740234375 1484.90673828125 1480.5635986328125 1466.1710205078125 1451.5416259765625 1452.1077880859375 1455.929931640625 1456.4539794921875 1456.5057373046875 1456.0577392578125 1456.87109375 1452.0352783203125 1446.224365234375 1444.2100830078125 1435.6336669921875 1438.2001953125 1440.2193603515625 1434.01123046875 1432.565673828125 1429.853759765625 1427.5123291015625 1424.0098876953125 1425.057373046875 1426.0877685546875 1420.7017822265625 1423.9268798828125 1421.5205078125 1419.8603515625 1420.74755859375 1421.687255859375 1421.5242919921875 1421.5255126953125 1421.280029296875 1420 1418.003662109375 1419.8094482421875 1416.720458984375 1417.87548828125 1420.3560791015625 1421.8040771484375 1420.8035888671875 1418.1087646484375 1419.9351806640625 1420.09521484375 1416.033447265625 1418.4554443359375
-99999 -99999 -99999 -99999 1523.9168701171875 1514.96923828125 1501.4451904296875 1491.67626953125 1469.8724365234375 1460.603271484375 1458.1502685546875 1463.3917236328125 1466.4576416015625 1463.8341064453125 1464.0233154296875 1466.787109375 1466.77490234375 1459.6693115234375 1450.4678955078125 1442.7467041015625 1444 1446.5615234375 1441.864501953125 1443.6708984375 1439.6136474609375 1436.6441650390625 1431.127197265625 1431.7969970703125 1429.7047119140625 1432.0894775390625 1428.5595703125 1427.58203125 1424.2391357421875 1424.56884765625 1423.940673828125 1424.0035400390625 1424.0062255859375 1424.8245849609375 1421.99462890625 1421.8284912109375 1420.9483642578125 1420.2889404296875 1419.962890625 1421.1016845703125 1424.14404296875 1424.822265625 1422 1423.5155029296875 1420.029296875 1419.6217041015625 1420.2030029296875
-99999 -99999 -99999 1541.6590576171875 1535.134033203125 1524.19287109375 1506.70849609375 1498.8734130859375 1479.3353271484375 1471.1656494140625 1468.4114990234375 1470.44189453125 1473.9329833984375 1479.4656982421875 1475.51318359375 1479.6204833984375 1474.7269287109375 1468.6529541015625 1457.5838623046875 1453.719970703125 1457.74951171875 1452.143310546875 1453.5072021484375 1452.68212890625 1452.9808349609375 1453.086181640625 1446.2034912109375 1442.4918212890625 1436.0135498046875 1438.1444091796875 1436.0537109375 1434.1053466796875 1428.216796875 1429.1845703125 1433.374755859375 1431.2939453125 1429.314208984375 1426.1544189453125 1428.54833984375 1426.2032470703125 1425.27880859375 1433.2640380859375 1432.5816650390625 1430.3013916015625 1427.8724365234375 1429.7645263671875 1430.2923583984375 1429.2974853515625 1425.8843994140625 1425.49560546875 1425.475830078125
-99999 -99999 -99999 -99999 1537.9635009765625 1531.5240478515625 1515.341064453125 1503.4788818359375 1491.6787109375 1484.0426025390625 1478.5299072265625 1481.0439453125 1484.3663330078125 1486.70361328125 1490.005615234375 1485.940673828125 1480.0279541015625 1472.6224365234375 1466.217529296875 1474.6787109375 1468.9561767578125 1469.0906982421875 1466.869384765625 1457.193115234375 1457.0936279296875 1461.843505859375 1448.37255859375 1445.9385986328125 1443.4893798828125 1447.4603271484375 1442.3770751953125 1443.40673828125 1444.2518310546875 1444.527099609375 1443.689208984375 1436.0208740234375 1430.0679931640625 1432.060546875 1433.1524658203125 1436.31787109375 1439.388671875 1436.0003662109375 1436.88330078125 1437.625244140625 1436.169677734375 1436.583984375 1436.295654296875 1433.4110107421875 1432.916259765625 1434.9442138671875 1431.474365234375
-99999 -99999 -99999 -99999 -99999 1526.5245361328125 1517.264892578125 1505.143310546875 1499.783447265625 1493.9732666015625 1487.6058349609375 1489.2730712890625 1494.6724853515625 1496.9512939453125 1499.4219970703125 1492.9447021484375 1484.3392333984375 1478.59375 1482.1783447265625 1484.840576171875 1486.5621337890625 1483.1531982421875 1475.326171875 1470.0592041015625 1468.676025390625 1477.7340087890625 1465.4490966796875 1459.87109375 1459.0045166015625 1454.0296630859375 1449.4241943359375 1446.491455078125 1446.740966796875 1451.8975830078125 1443.6353759765625 1439.195068359375 1434.2001953125 1436.2705078125 1440.187255859375 1443.1837158203125 1446.977294921875 1443.9998779296875 1447.1351318359375 1444.0399169921875 1442.364501953125 1439.8232421875 1439.865234375 1439.8616943359375 1440.8831787109375 1445.464111328125 1443.0662841796875
-99999 -99999 -99999 -99999 -99999 -99999 -99999 1508.0782470703125 1503.9859619140625 1499.6527099609375 1505.8946533203125 1502.1568603515625 1503.1949462890625 1511.5462646484375 1511.9593505859375 1502.751220703125 1496.5052490234375 1493.2501220703125 1490.261962890625 1498.628662109375 1503.6815185546875 1501.4342041015625 1497.6187744140625 1485.2491455078125 1488.301513671875 1488.989501953125 1488.973876953125 1471.7193603515625 1469.4383544921875 1464.9036865234375 1458.5621337890625 1453.99462890625 1456.920166015625 1454.764892578125 1445.5845947265625 1442.1376953125 1438.9207763671875 1441.81884765625 1448.9327392578125 1450.866455078125 1452.7127685546875 1458.3199462890625 1456.8006591796875 1453.06494140625 1452.5455322265625 1446 1445.9813232421875 1446.2406005859375 1449.6463623046875 1451.6981201171875 1458.4189453125
-99999 -99999 -99999 -99999 -99999 -99999 -99999 -99999 -99999 -99999 -99999 -99999 1511.9566650390625 1517.9959716796875 1519.879150390625 1513.974853515625 1504.1439208984375 1510.0003662109375 1511.77880859375 1519.11083984375 1518.1019287109375 1519.7645263671875 1518.3140869140625 1514.0074462890625 1496.332763671875 1493.0867919921875 1500.23193359375 1498.52978515625 1478.9727783203125 1479.322509765625 1475.2567138671875 1471.0205078125 1468.4066162109375 1460.0006103515625 1454.88525390625 1450.0947265625 1443.9483642578125 1449.876953125 1454.209716796875 1458.8883056640625 1464.6466064453125 1466.86865234375 1467.53857421875 1464.0126953125 1461.4794921875 1456.6798095703125 1452.3829345703125 1458.55029296875 1462.6177978515625 1461.8748779296875 1471.0220947265625
-99999 -99999 -99999 -99999 -99999 -99999 -99999 -99999 -99999 -99999 -99999 -99999 -99999 -99999 1523.3011474609375 1525.180419921875 1520.47509765625 1519.975830078125 1523.52587890625 1532.6192626953125 1534.6004638671875 1533.8001708984375 1526.059814453125 1521.5029296875 1516.34521484375 1507.1331787109375 1508.140869140625 1504.4979248046875 1503.988037109375 1496.6370849609375 1493.5501708984375 1485.1402587890625 1479.2640380859375 1469.9866943359375 1463.472900390625 1454.57373046875 1450.472412109375 1457.7275390625 1458.4522705078125 1463.4461669921875 1471.3922119140625 1477.8245849609375 1476.598388671875 1476.218505859375 1465.4393310546875 1463.6593017578125 1460.927734375 1469.6702880859375 1478.4871826171875 1479.870849609375 1476.006591796875
-99999 -99999 -99999 -99999 -99999 -99999 -99999 -99999 -99999 -99999 -99999 -99999 -99999 -99999 -99999 -99999 1527.5308837890625 1527.5350341796875 1531.587890625 -99999 -99999 1541.998779296875 1539.0430908203125 1530.077392578125 1521.9962158203125 1515.9876708984375 1518.512939453125 1515.33837890625 1510.6357421875 1503.3043212890625 1499.869873046875 1491.1177978515625 1484.0699462890625 1474.1392822265625 1464.85595703125 1459.0784912109375 1457.6475830078125 1462.231689453125 1466.520263671875 1468.9111328125 1477.8345947265625 1478.58642578125 1481.2685546875 1479.98486328125 1473.8984375 1470.4278564453125 1478.2747802734375 1481.8782958984375 1489.9036865234375 1495.758544921875 1491.864013671875
-99999 -99999 -99999 -99999 -99999 -99999 -99999 -99999 -99999 -99999 -99999 -99999 -99999 -99999 -99999 -99999 -99999 -99999 -99999 -99999 -99999 -99999 -99999 1529.7303466796875 1525.687255859375 1520.0458984375 1519.90087890625 1516.8880615234375 1511.2174072265625 1503.9481201171875 1495.75146484375 1488.0098876953125 1480.94384765625 1476.0155029296875 1465.60498046875 1458.129638671875 1459.7705078125 1465.8983154296875 1472.3060302734375 1477.6319580078125 1478.8924560546875 1482.18115234375 1483.943603515625 1480.0517578125 1478.012939453125 1482.4681396484375 1488.094482421875 1493.8153076171875 1497.6695556640625 1503.9453125 1499.8076171875
-99999 -99999 -99999 -99999 -99999 -99999 -99999 -99999 -99999 -99999 -99999 -99999 -99999 -99999 -99999 -99999 -99999 -99999 -99999 -99999 -99999 -99999 -99999 -99999 -99999 1521.98291015625 1519.974365234375 1514.7264404296875 1502.1085205078125 1495.9244384765625 1488 1480.000244140625 1476.8046875 1472.322021484375 1465.1116943359375 1460.979248046875 1460.0362548828125 1466.26806640625 1473.0101318359375 1479.8602294921875 1483.3626708984375 1485.9466552734375 1485.9971923828125 1483.9775390625 1484.4093017578125 1489.2529296875 1500.268310546875 1500.79736328125 1502.9754638671875 1509.928466796875 1506.03173828125
-99999 -99999 -99999 -99999 -99999 -99999 -99999 -99999 -99999 -99999 -99999 -99999 -99999 -99999 -99999 -99999 -99999 -99999 -99999 -99999 -99999 -99999 -99999 -99999 -99999 -99999 1514.4456787109375 1510.5142822265625 1502.8677978515625 1496.15234375 1489.2794189453125 1485.557861328125 1481.9827880859375 1478.3096923828125 1472.1163330078125 1466.361083984375 1464.0130615234375 1468.042724609375 1478.0205078125 1481.6239013671875 1483.2554931640625 1486.4385986328125 1489.99072265625 1491.0118408203125 1492.02392578125 1495.958984375 1505.4425048828125 1510.5765380859375 1514.5794677734375 1514.9481201171875 1515.430419921875
-99999 -99999 -99999 -99999 -99999 -99999 -99999 -99999 -99999 -99999 -99999 -99999 -99999 -99999 -99999 -99999 -99999 -99999 -99999 -99999 -99999 -99999 -99999 -99999 -99999 -99999 1516.219482421875 1517.7149658203125 1510.54736328125 1512.690673828125 1500.171142578125 1496.7802734375 1491.9068603515625 1489.584716796875 1480.897705078125 1476.653076171875 1470.112060546875 1471.9969482421875 1477.7451171875 1480.3397216796875 1482.31103515625 1487.018798828125 1494.420166015625 1496.3065185546875 1497.6671142578125 1500.4820556640625 1510.282958984375 1514.0684814453125 1517.347412109375 1519.76123046875 1520.06396484375
-99999 -99999 -99999 -99999 -99999 -99999 -99999 -99999 -99999 -99999 -99999 -99999 -99999 -99999 -99999 -99999 -99999 -99999 -99999 -99999 -99999 -99999 -99999 -99999 -99999 -99999 -99999 1525.666259765625 1526.74365234375 1521.7109375 1515.813720703125 1514.4952392578125 1515.4686279296875 1510.411376953125 1489.6495361328125 1481.982421875 1483.4764404296875 1482.1204833984375 1482.05517578125 1486.33203125 1490.0423583984375 1492.9697265625 1499.3194580078125 1501.17236328125 1501.942626953125 1505.3448486328125 1511.7391357421875 1516.9219970703125 1519.23486328125 1521.9208984375 -99999
-99999 -99999 -99999 -99999 -99999 -99999 -99999 -99999 -99999 -99999 -99999 -99999 -99999 -99999 -99999 -99999 -99999 -99999 -99999 -99999 -99999 -99999 -99999 -99999 -99999 -99999 -99999 1534.0147705078125 1534.9677734375 1529.9293212890625 1525.078125 1521.066650390625 1521.94921875 1515.380126953125 1504.18603515625 1497.5611572265625 1498.2286376953125 1500.027099609375 1492.600830078125 1500.634765625 1497.1336669921875 1505.817138671875 1504.3984375 1505.1851806640625 1506.0028076171875 1508.09228515625 1510.82470703125 1515.141357421875 1518.8310546875 1520.7279052734375 -99999
