calibrationData/Reworked/Shape folders/clipped/clipped2cropped.asc
ncols        62
nrows        53
xllcorner    28.208125000000
yllcorner    -25.791875000000
cellsize     0.000625000000
NODATA_value  -99999
[rows 0 to 22 of 53, columns 0 to 50 of 62]
-99999 -99999 -99999 -99999 -99999 -99999 -99999 -99999 -99999 -99999 -99999 -99999 -99999 -99999 -99999 -99999 -99999 -99999 1344.0086669921875 -99999 -99999 -99999 -99999 -99999 -99999 -99999 -99999 -99999 -99999 -99999 -99999 -99999 -99999 -99999 -99999 -99999 -99999 -99999 -99999 -99999 -99999 -99999 -99999 -99999 -99999 -99999 -99999 -99999 -99999 -99999 -99999
-99999 -99999 -99999 -99999 -99999 -99999 -99999 -99999 -99999 -99999 -99999 -99999 -99999 -99999 -99999 -99999 1349.5113525390625 1346.0013427734375 1346.0081787109375 1351.7222900390625 1352.380126953125 -99999 -99999 -99999 -99999 -99999 -99999 -99999 -99999 -99999 -99999 -99999 -99999 -99999 -99999 -99999 -99999 -99999 -99999 -99999 -99999 -99999 -99999 -99999 -99999 -99999 -99999 -99999 -99999 -99999 -99999
-99999 -99999 -99999 -99999 -99999 -99999 -99999 -99999 -99999 -99999 -99999 -99999 -99999 -99999 -99999 1356.6331787109375 1355.042236328125 1348.03271484375 1348.0665283203125 1350.26611328125 1355.0416259765625 1365.0135498046875 1367.0457763671875 -99999 -99999 -99999 -99999 -99999 -99999 -99999 -99999 -99999 -99999 -99999 -99999 -99999 -99999 -99999 -99999 -99999 -99999 -99999 -99999 -99999 -99999 -99999 -99999 -99999 -99999 -99999 -99999
-99999 -99999 -99999 -99999 -99999 -99999 -99999 -99999 -99999 -99999 -99999 -99999 -99999 -99999 -99999 1362.57373046875 1355.7830810546875 1352.5751953125 1350.097412109375 1353.954345703125 1360.5648193359375 1369.674560546875 1376.8974609375 1379.0322265625 -99999 -99999 -99999 -99999 -99999 -99999 -99999 -99999 -99999 -99999 -99999 -99999 -99999 -99999 -99999 -99999 -99999 -99999 -99999 -99999 -99999 -99999 -99999 -99999 -99999 -99999 -99999
-99999 -99999 -99999 -99999 -99999 -99999 -99999 -99999 -99999 -99999 -99999 -99999 -99999 -99999 1377.3148193359375 1366.451416015625 1362.02734375 1361.439208984375 1354.827392578125 1356.36865234375 1363.9654541015625 1374.71630859375 1381.693115234375 1383.9100341796875 -99999 -99999 -99999 -99999 -99999 -99999 -99999 -99999 -99999 -99999 -99999 -99999 -99999 -99999 -99999 -99999 -99999 -99999 -99999 -99999 -99999 -99999 -99999 -99999 -99999 -99999 -99999
-99999 -99999 -99999 -99999 -99999 -99999 -99999 -99999 -99999 -99999 -99999 -99999 -99999 1385.1810302734375 1388.110595703125 1377.01318359375 1370.34814453125 1367.4688720703125 1356.0279541015625 1358.1104736328125 1361.4189453125 1375.067138671875 1379.801025390625 1383.88720703125 1383.8402099609375 1382.8994140625 1383.3541259765625 1380.5416259765625 1380.486572265625 1381.7626953125 1381.9813232421875 -99999 -99999 -99999 -99999 -99999 -99999 -99999 -99999 -99999 -99999 -99999 -99999 -99999 -99999 -99999 -99999 -99999 -99999 -99999 -99999
-99999 -99999 -99999 -99999 -99999 -99999 -99999 -99999 -99999 -99999 -99999 -99999 -99999 1396.177490234375 1393.9986572265625 1388.256591796875 1379.89013671875 1371.2275390625 1362.09814453125 1355.1705322265625 1363.590087890625 1370.4251708984375 1375.0423583984375 1379.4532470703125 1381.82568359375 1379.9371337890625 1379.5643310546875 1379.010009765625 1380.6932373046875 1381.9822998046875 1381.824462890625 1381.4112548828125 1380.767333984375 -99999 -99999 -99999 -99999 -99999 -99999 -99999 -99999 -99999 -99999 -99999 -99999 -99999 -99999 -99999 -99999 -99999 -99999
-99999 -99999 -99999 -99999 -99999 -99999 -99999 -99999 -99999 -99999 -99999 1409.9468994140625 1405.6253662109375 1402.0316162109375 1398.9302978515625 1393.9969482421875 1385.3211669921875 1374.0028076171875 1364.0050048828125 1356.6358642578125 1356.0794677734375 1368.2738037109375 1368.00341796875 1373.859375 1377.26220703125 1377.547119140625 1377.5113525390625 1378.1746826171875 1379.991455078125 1379.9927978515625 1380.0146484375 1380.0504150390625 1380.1727294921875 1381.0078125 -99999 -99999 -99999 -99999 -99999 -99999 -99999 -99999 -99999 -99999 -99999 -99999 -99999 -99999 -99999 -99999 -99999
-99999 -99999 -99999 -99999 -99999 -99999 -99999 -99999 -99999 1419.8897705078125 1418.3541259765625 1413.9093017578125 1408.0067138671875 1403.2540283203125 1397.83349609375 1390.8616943359375 1382.8587646484375 1372.357666015625 1368.431396484375 1361.3985595703125 1358.226318359375 1358.0262451171875 1365.4464111328125 1366.11083984375 1369.8291015625 1374.54296875 1373.3941650390625 1375.2318115234375 1378.9205322265625 1378.2589111328125 1379.943115234375 1379.991943359375 1379.998046875 1380.7972412109375 1382.0028076171875 1382.2164306640625 -99999 -99999 -99999 -99999 -99999 -99999 -99999 -99999 -99999 -99999 -99999 -99999 -99999 -99999 -99999
-99999 -99999 -99999 -99999 -99999 -99999 1422.01123046875 1420.221435546875 1421.99853515625 1421.718017578125 1418.26123046875 1411.770751953125 1406.033447265625 1400.435791015625 1393.2681884765625 1384.8603515625 1376.1964111328125 1370.0867919921875 1367.1202392578125 1360.04248046875 1359.815185546875 1358.2047119140625 1360.0718994140625 1362.7462158203125 1366.1080322265625 1369.9613037109375 1372.0303955078125 1373.9591064453125 1375.917724609375 1376.773193359375 1377.6951904296875 1378.2816162109375 1379.91259765625 1380.0406494140625 1382.001220703125 1383.1243896484375 1385.90478515625 1386.08447265625 1389.580078125 -99999 -99999 -99999 -99999 -99999 -99999 -99999 -99999 -99999 -99999 -99999 -99999
1441.5523681640625 1436.1024169921875 1431.3377685546875 1426.751708984375 1424.691650390625 1419.369873046875 1420.6981201171875 1420.6478271484375 1417.6329345703125 1416.143798828125 1409.82275390625 1408.084716796875 1401.0516357421875 1394.6846923828125 1388.6466064453125 1381.7550048828125 1376.4564208984375 1372.511474609375 1365.4466552734375 1362.41845703125 1361.6358642578125 1360.8602294921875 1361.1046142578125 1361.6865234375 1363.902099609375 1367.808349609375 1369.96923828125 1372.0096435546875 1374.0010986328125 1375.8211669921875 1376.1478271484375 1378 1379.2967529296875 1380.7169189453125 1382.230224609375 1385.0465087890625 1386.321533203125 1387.000244140625 1389.9647216796875 1391.581298828125 1394.7432861328125 -99999 -99999 -99999 -99999 -99999 -99999 -99999 -99999 -99999 -99999
-99999 1430.0296630859375 1425.6546630859375 1423.9923095703125 1418.4837646484375 1413.092529296875 1412.7720947265625 1409.9429931640625 1407.761474609375 1405.2823486328125 1400.506103515625 1390.302001953125 1386.6019287109375 1384.9139404296875 1376.2950439453125 1376.7369384765625 1373.904052734375 1367.9090576171875 1364.1143798828125 1363.19384765625 1360.921630859375 1360.0938720703125 1360.0831298828125 1361.2493896484375 1363.76416015625 1366.1126708984375 1368.815185546875 1371.1990966796875 1372.8829345703125 1374.104248046875 1376.1868896484375 1378.364013671875 1380.006103515625 1380.788818359375 1382.1419677734375 1386.0328369140625 1388.0018310546875 1389.8209228515625 1391.1414794921875 1393.43896484375 1396.5008544921875 1397.9102783203125 1399.95361328125 1400.39697265625 -99999 -99999 -99999 -99999 -99999 -99999 -99999
-99999 -99999 1418.2603759765625 1413.546142578125 1409.5609130859375 1406.85009765625 1403.114501953125 1399.468994140625 1394.713623046875 1396.1513671875 1394.9788818359375 1384.1968994140625 1380.009765625 1378.004150390625 1374.7265625 1372.0111083984375 1370.0008544921875 1368.005126953125 1366.021240234375 1364.000732421875 1363.1448974609375 1362.033203125 1360.9896240234375 1362.15234375 1364.000244140625 1366.009521484375 1368.3626708984375 1370.49658203125 1372.2525634765625 1375.1624755859375 1377.986572265625 1379.747802734375 1380.9788818359375 1382.3797607421875 1384.1270751953125 1386.0145263671875 1388.1324462890625 1390.212646484375 1392.03564453125 1394.548095703125 1397.3126220703125 1398.0184326171875 1399.9908447265625 1401.8861083984375 1402.0623779296875 1403.9549560546875 -99999 -99999 -99999 -99999 -99999
-99999 -99999 -99999 1411.5302734375 1407.25927734375 1403.7576904296875 1401.095703125 1395.48095703125 1392.001708984375 1388.552001953125 1385.9615478515625 1381.2750244140625 1378.0645751953125 1376.0709228515625 1374.22705078125 1372.0181884765625 1370.0279541015625 1368.0050048828125 1366.517822265625 1366.0125732421875 1365.6107177734375 1363.99951171875 1363.873291015625 1363.9998779296875 1365.9083251953125 1366.296142578125 1368.3267822265625 1370.0084228515625 1372.940185546875 1376.0679931640625 1377.2396240234375 1379.54931640625 1381.9444580078125 1382.4293212890625 1384.809814453125 1386.2178955078125 1388.2742919921875 1390.1588134765625 1393.8577880859375 1395.9991455078125 1397.9661865234375 1399.9627685546875 1400.1514892578125 1401.9833984375 1402.6070556640625 1403.9967041015625 1405.392333984375 1406.0078125 -99999 -99999 -99999
-99999 -99999 -99999 -99999 1399.460205078125 1398.5814208984375 1398.28564453125 1393.7579345703125 1390.1942138671875 1386.302734375 1383.999267578125 1380.0423583984375 1378.2008056640625 1376.059326171875 1374.61767578125 1372.37744140625 1371.5140380859375 1370.0263671875 1368.273193359375 1367.6788330078125 1367.9217529296875 1365.9942626953125 1366.0018310546875 1366.1016845703125 1366.7108154296875 1367.997314453125 1369.478515625 1370.5706787109375 1373.846923828125 1376.0704345703125 1377.92041015625 1379.8995361328125 1381.2337646484375 1382.1224365234375 1384.219970703125 1386.511474609375 1388.432861328125 1390.7464599609375 1393.7261962890625 1395.991455078125 1397.6878662109375 1399.5115966796875 1400.5498046875 1401.99658203125 1402.504638671875 1404 1405.6795654296875 1406.086181640625 1407.998779296875 1408.6868896484375 -99999
-99999 -99999 -99999 -99999 1397.1544189453125 1396.1968994140625 1394.7718505859375 1392 1389.7080078125 1386.5927734375 1384.000244140625 1382.6729736328125 1381.14208984375 1377.8404541015625 1376.0123291015625 1374.116455078125 1374.197509765625 1372.020751953125 1371.9940185546875 1370.02490234375 1369.4871826171875 1368.7353515625 1367.8876953125 1368.01416015625 1368.65771484375 1369.6470947265625 1370.040283203125 1371.751220703125 1373.3680419921875 1374.6793212890625 1377.2454833984375 1379.1143798828125 1381.13720703125 1382.639404296875 1384.5633544921875 1385.749755859375 1387.8309326171875 1390.903564453125 1393.890380859375 1394.448486328125 1397.846435546875 1398.87841796875 1399.9512939453125 1401.68408203125 1402.2955322265625 1403.7882080078125 1405.4307861328125 1406.2669677734375 1408.20654296875 1409.993896484375 1410.7440185546875
-99999 -99999 -99999 -99999 -99999 1395.918212890625 1394.06005859375 1392.027099609375 1389.999267578125 1388.0667724609375 1386.0015869140625 1386.2789306640625 1383.70654296875 1379.474365234375 1378.1383056640625 1376.7630615234375 1377.7467041015625 1376.9183349609375 1375.7857666015625 1373.911376953125 1373.0880126953125 1374.0513916015625 1373.691162109375 1370.8026123046875 1370.0242919921875 1370.9366455078125 1371.8201904296875 1372.08740234375 1373.82177734375 1374.169677734375 1376.0009765625 1377.520263671875 1378.8470458984375 1381.6982421875 1383.4915771484375 1384.0029296875 1385.811767578125 1387.6671142578125 1391.8052978515625 1395.6397705078125 1396.3629150390625 1398.0404052734375 1399.8515625 1400.2489013671875 1400.4559326171875 1401.900146484375 1403.3018798828125 1404.5655517578125 1407.929443359375 1410.056396484375 1411.9449462890625
-99999 -99999 -99999 -99999 -99999 1395.443115234375 1394.00244140625 1392.7520751953125 1391.930419921875 1390.0064697265625 1388.216796875 1388.2200927734375 1385.9859619140625 1383.780029296875 1381.2821044921875 1380.0013427734375 1381.109130859375 1379.5919189453125 1378.0546875 1379.502685546875 1378.005615234375 1374.560546875 1374.7962646484375 1374.657958984375 1372.413330078125 1372.18798828125 1373.109130859375 1373.9947509765625 1374.5152587890625 1375.3321533203125 1376.0028076171875 1377.939453125 1378.0179443359375 1380.38232421875 1380.757080078125 1382.0396728515625 1385.1640625 1387.9974365234375 1388.8211669921875 1393.78125 1396.02783203125 1396.3922119140625 1398.2650146484375 1399.6656494140625 1400.000244140625 1401.401611328125 1402.1107177734375 1404.074462890625 1406.7371826171875 1409.497802734375 1412.9356689453125
-99999 -99999 -99999 -99999 -99999 1396.220703125 1395.708984375 1394.092529296875 1393.59765625 1393.40087890625 1393.9427490234375 1392.5965576171875 1388.291015625 1389.134521484375 1390.0888671875 1384.6368408203125 1384.920654296875 1382.05126953125 1381.103271484375 1380.1375732421875 1380.2841796875 1377.990966796875 1377.1082763671875 1375.66650390625 1374.0057373046875 1374.0654296875 1376.065185546875 1375.1407470703125 1376.0623779296875 1376.345458984375 1378.206298828125 1378.000732421875 1378.5711669921875 1380.369140625 1380.400634765625 1382.0048828125 1384.7607421875 1386.75927734375 1388.5494384765625 1391.104248046875 1394.1383056640625 1395.599365234375 1396.989013671875 1398.17041015625 1398.2916259765625 1400.0264892578125 1401.0753173828125 1405.68994140625 1407.9754638671875 1408.983154296875 1413.98583984375
-99999 -99999 -99999 -99999 -99999 -99999 1397.666015625 1397.9534912109375 1398.476318359375 1398.0140380859375 1399.5794677734375 1399.71337890625 1398.46142578125 1396.01318359375 1392.3875732421875 1390.620361328125 1388.1468505859375 1385.444091796875 1382.5458984375 1381.781494140625 1381.95849609375 1380.004638671875 1378.137451171875 1376.9591064453125 1376.0064697265625 1376.2291259765625 1378.1029052734375 1378.2869873046875 1378.1363525390625 1378.109130859375 1380.0057373046875 1380.04931640625 1380.8309326171875 1380.09326171875 1382.2259521484375 1383.3594970703125 1385.6741943359375 1387.4302978515625 1389.7681884765625 1390.9644775390625 1392.05126953125 1394.0206298828125 1395.41357421875 1396.8565673828125 1398.1363525390625 1399.76904296875 1400.874267578125 1403.9942626953125 1408.13525390625 1412.593017578125 1416.60009765625
-99999 -99999 -99999 -99999 -99999 -99999 1399.05419921875 1400.1842041015625 1401.0623779296875 1400.560546875 1402.552978515625 1403.240234375 1401.91455078125 1399.8292236328125 1396.638916015625 1394.003173828125 1390.1947021484375 1387.9443359375 1385.892333984375 1385.593994140625 1383.9822998046875 1381.7642822265625 1379.9998779296875 1378.0604248046875 1377.578369140625 1378.8355712890625 1379.4383544921875 1379.9971923828125 1380.2205810546875 1380.0009765625 1381.6009521484375 1383.212158203125 1383.8828125 1382.7662353515625 1383.9300537109375 1384.917236328125 1386.0235595703125 1388.1856689453125 1389.9959716796875 1391.98583984375 1392.6424560546875 1394.00537109375 1395.0152587890625 1396.01708984375 1397.8966064453125 1398.375244140625 1401.456787109375 1404.42333984375 1411.87158203125 1413.462890625 1417.0579833984375
-99999 -99999 -99999 -99999 -99999 -99999 1402.0576171875 1404.91796875 1405.3233642578125 1403.8193359375 1404.8778076171875 1405.876220703125 1403.8558349609375 1403.5213623046875 1400.3319091796875 1397.325439453125 1397.053955078125 1394.6624755859375 1390.578857421875 1386.1617431640625 1385.0975341796875 1382.498291015625 1380.0313720703125 1378.9598388671875 1378.3116455078125 1380.275634765625 1380.021728515625 1381.87353515625 1382.0223388671875 1382.5028076171875 1385.2554931640625 1384.0296630859375 1386.1541748046875 1385.745361328125 1386.000244140625 1387.971923828125 1388.259033203125 1389.999755859375 1391.544677734375 1394.0076904296875 1395.226318359375 1394.6502685546875 1395.9769287109375 1396.000244140625 1397.96435546875 1399.40576171875 1401.650146484375 1403.996826171875 1412.1494140625 1415.412109375 1419.7098388671875
-99999 -99999 -99999 -99999 -99999 -99999 1404.0921630859375 1408.990478515625 1412.2569580078125 1410.37939453125 1409.710205078125 1407.854248046875 1407.745361328125 1405.8570556640625 1403.3643798828125 1400.0047607421875 1398.490478515625 1397.2303466796875 1394.5491943359375 1392.89990234375 1387.5577392578125 1383.98974609375 1382.360595703125 1380.3441162109375 1381.6160888671875 1381.6470947265625 1383.1937255859375 1384.1309814453125 1384.931396484375 1389.0478515625 1387.966552734375 1386.6837158203125 1389.5718994140625 1390.3984375 1389.1229248046875 1389.810546875 1391.26708984375 1392.0052490234375 1393.756591796875 1397.024658203125 1397.9700927734375 1397.9989013671875 1396.525390625 1397.456298828125 1398.4161376953125 1400.06005859375 1403.049560546875 1407.1595458984375 1412.1680908203125 1415.0833740234375 1418.7802734375
